timestamp=05-12-2014_03-30-00

#####
TYPE=air_humidity
DATA:26
	val,timestamp,lng,lat,csv_id
	93.4,2014-12-05 03:00:08,(119.517, 11.272),PALAWAN-JTFM_VILLA_LIBERTAD-VAISALA
	80.3,2014-12-05 03:15:09,(121.05226999999999, 14.489660000000001),METRO_MANILA-DOST_BICUTAN-VAISALA
	78.8,2014-12-05 03:15:08,(119.968, 15.327),ZAMBALES-PAGASA_IBA_STATION-VAISALA
	86.0,2014-12-05 03:30:08,(123.43688899999999, 13.2995),ALBAY-LIBON-VAISALA
	79.3,2014-12-05 03:00:08,(123.68005599999999, 13.456861),ALBAY-SAN_RAFAEL_ST.-VAISALA
	83.7,2014-12-05 02:30:08,(123.700389, 13.884499999999999),CAMARINES_SUR-GARCHITORENA_MUNICIPAL_GROUNDS-VAISALA
	83.5,2014-12-05 03:15:08,(121.37649999999999, 15.4077),AURORA-DINGALAN_CENTRAL_SCHOOL-VAISALA
	90.2,2014-12-05 02:45:09,(120.249, 11.864000000000001),PALAWAN-CORON-VAISALA
	62.8,2014-12-05 03:15:09,(120.47505, 17.368200000000002),ILOCOS_SUR-ISPSC-VAISALA
	80.4,2014-12-05 03:00:08,(122.3676, 11.697217),AKLAN-KALIBO_CAPITOL_PLAZA-VAISALA
	87.8,2014-12-05 02:45:08,(121.9534, 16.140000000000001),AURORA-DINALUNGAN_NATIONAL_HIGH_SCHOOL-VAISALA
	0.0,2014-12-05 03:00:08,(123.486, 8.0967000000000002),ZAMBOANGA_DEL_SUR-DIPOLO-VAISALA
	91.6,2014-12-05 04:30:05,(122.5793, 10.772266999999999),ILOILO-JARO-VAISALA
	80.8,2014-12-05 03:00:08,(125.097478, 6.0554249999999996),GENERAL_SANTOS_CITY-GENERAL_SANTOS_AIRPORT-VAISALA
	84.7,2014-12-05 03:00:09,(123.34657319999999, 8.5838991999999994),ZAMBOANGA_DEL_NORTE-CITY_AGRICULTURE_OFFICE-VAISALA
	89.6,2014-12-05 03:15:08,(121.923, 7.008),ZAMBOANGA_CITY-WMSU_COMPOUND-VAISALA
	78.8,2014-12-05 02:45:08,(121.59656699999999, 14.168583),QUEZON-BRGY._LITA-VAISALA
	86.2,2014-12-05 02:45:09,(122.33888899999999, 14.696847),QUEZON-BRGY._TALISOY-VAISALA
	88.9,2014-12-05 03:00:08,(124.235167, 7.196167),COTABATO-PEOPLE%27S_PALACE_GROUNDS-VAISALA
	88.2,2014-12-05 03:15:08,(123.41116700000001, 10.877722),NEGROS_OCCIDENTAL-NEW_GOVERNMENT_CENTER-VAISALA
	84.5,2014-12-05 03:00:02,(122.97199999999999, 10.589),NEGROS_OCCIDENTAL-FELISA-VAISALA
	77.9,2014-12-05 03:00:09,(123.980222, 10.322383),CEBU-PAGASA_MACTAN_STATION-VAISALA
	82.5,2014-12-05 03:00:09,(123.43558299999999, 10.510249999999999),NEGROS_OCCIDENTAL-BRGY._PUNAO-VAISALA
	90.6,2014-12-05 03:00:09,(121.905817, 11.872883),AKLAN-KABULIHAN_SANITARY_LANDFILL%2c_BRGY._KABULIHAN-VAISALA
	84.1,2014-12-05 03:15:08,(125.65000000000001, 5.9166670000000003),DAVAO_DEL_SUR-JOSE_ABAD_SANTOS-VAISALA
	82.6,2014-12-05 03:00:08,(125.02497200000001, 11.225417),LEYTE-PAGASA_TACLOBAN_STATION-VAISALA

#####
TYPE=rain_value
DATA:483
	val,timestamp,lng,lat,csv_id
	0.0,2014-12-05 02:45:07,(125.7514, 8.7129999999999992),AGUSAN_DEL_SUR-BAYUGAN_CITY_HALL-RAIN2
	0.0,2014-12-05 02:30:06,(121.27986, 17.10895),MOUNTAIN_PROVINCE-NATONIN-RAIN2
	0.0,2014-12-05 02:30:06,(125.508039, 7.0812429999999997),DAVAO_ORIENTAL-PSHS-SMC_2-RAIN2
	0.0,2014-12-05 03:00:07,(126.448292, 7.7910300000000001),DAVAO_ORIENTAL-CATEEL-RAIN2
	0.0,2014-12-05 03:00:07,(121.487043, 16.922825),IFUGAO-ALFONSO_LISTA-RAIN2
	0.0,2014-12-05 02:30:09,(122.803533, 9.7876779999999997),NEGROS_OCCIDENTAL-BRGY._TABUGON-RAIN2
	0.0,2014-12-05 02:45:10,(123.283333, 8.4333329999999993),ZAMBOANGA_DEL_NORTE-KATIPUNAN-RAIN2
	0.0,2014-12-05 03:15:08,(123.41116700000001, 10.877722),NEGROS_OCCIDENTAL-NEW_GOVERNMENT_CENTER-VAISALA
	0.0,2014-12-05 02:45:10,(121.369167, 16.660556),NUEVA_VIZCAYA-DIADI-RAIN2
	0.0,2014-12-05 03:00:09,(121.043992, 14.645336),METRO_MANILA-SCIENCE_GARDEN_PAGASA-RAIN2
	0.0,2014-12-05 03:00:07,(124.894829, 7.8107350000000002),BUKIDNON-KUYA-RAIN2
	0.0,2014-12-05 02:45:06,(121.737222, 17.752222),CAGAYAN-IGUIG_MUNICIPAL_HALL-RAIN2
	0.0,2014-12-05 03:00:07,(124.537859, 11.655725),BILIRAN-CULABA_MUNICIPAL_GROUND-RAIN2
	0.0,2014-12-05 02:30:07,(121.06029100000001, 16.914323),IFUGAO-BANAUE-RAIN2
	0.0,2014-12-05 02:45:07,(121.0403, 14.58136),METRO_MANILA-NATIONAL_CENTER_FOR_MENTAL_HEALTH-RAIN2
	0.0,2014-12-05 03:00:06,(120.82207, 16.996120000000001),MOUNTAIN_PROVINCE-TADIAN-RAIN2
	0.0,2014-12-05 02:30:07,(125.47019899999999, 6.5553129999999999),DAVAO_DEL_SUR-STA.MARIA_MUNICIPAL_HALL-RAIN2
	0.0,2014-12-05 03:00:07,(123.648139, 9.2752809999999997),SIQUIJOR-POBLACION%2c_ENRIQUE_VILLANUEVA-RAIN2
	0.0,2014-12-05 03:00:09,(124.84694399999999, 11.206944),LEYTE-MUNICIPAL_GROUNDS_ALANG-ALANG-RAIN2
	0.0,2014-12-05 02:45:06,(121.026382, 17.168151999999999),MOUNTAIN_PROVINCE-SADANGA-RAIN2
	0.0,2014-12-05 03:15:10,(123.768333, 7.9138890000000002),LANAO_DEL_NORTE-KAPATAGAN-RAIN2
	0.0,2014-12-05 03:00:10,(121.754, 17.652000000000001),CAGAYAN-DOST_RO_2-RAIN2
	0.0,2014-12-05 03:00:06,(123.26608299999999, 9.3501999999999992),NEGROS_ORIENTAL-SITIO_PANCIL-RAIN2
	0.0,2014-12-05 03:00:08,(121.31559, 14.47678),RIZAL-PILILIA-RAIN2
	0.0,2014-12-05 02:45:07,(126.010649, 6.967352),DAVAO_ORIENTAL-BANAY-BANAY-RAIN2
	0.0,2014-12-05 02:30:12,(123.493037, 10.833076),NEGROS_OCCIDENTAL-ESCALANTE_CITY_BUS_TERMINAL-RAIN2
	0.0,2014-12-05 02:45:06,(120.926444, 17.458971999999999),ABRA-DAGUIOMAN-RAIN2
	0.0,2014-12-05 02:45:09,(122.65816700000001, 9.4135829999999991),NEGROS_ORIENTAL-BASAY_NATIONAL_HIGH_SCHOOL-RAIN2
	0.0,2014-12-05 03:00:07,(124.87555, 8.9951369999999997),MISAMIS_ORIENTAL-MINTABON-RAIN2
	0.0,2014-12-05 03:00:06,(121.34050000000001, 18.463833000000001),CAGAYAN-PAMPLONA_MUNICIPAL_HALL-RAIN2
	0.0,2014-12-05 03:30:10,(121.947311, 13.364229),MARINDUQUE-PSTC_MARINDUQUE-RAIN2
	0.0,2014-12-05 03:00:06,(125.6681, 9.1685999999999996),AGUSAN_DEL_NORTE-CABADBARAN-RAIN2
	0.0,2014-12-05 03:00:10,(121.904518, 6.6621829999999997),BASILAN-BRGY._ATONG-ATONG-RAIN2
	0.0,2014-12-05 03:15:06,(121.3263, 16.97871),IFUGAO-AGUINALDO-RAIN2
	0.0,2014-12-05 03:00:06,(126.565397, 7.3284050000000001),DAVAO_ORIENTAL-CARAGA-RAIN2
	0.0,2014-12-05 03:00:07,(124.321944, 6.4594440000000004),SULTAN_KUDARAT-SEN._NINOY_AQUINO-RAIN2
	0.0,2014-12-05 03:00:10,(121.68305599999999, 18.268056000000001),CAGAYAN-CAMALANIUGAN-RAIN2
	0.0,2014-12-05 03:00:07,(120.366867, 16.322900000000001),LA_UNION-AGOO-RAIN2
	0.0,2014-12-05 02:45:07,(120.95533, 13.49865),ORIENTAL_MINDORO-POBLACION_PUERTO-RAIN2
	0.0,2014-12-05 02:45:06,(121.056704, 16.768173000000001),IFUGAO-ASIPULO-RAIN2
	0.0,2014-12-05 02:45:06,(121.10675000000001, 16.503541999999999),NUEVA_VIZCAYA-PHILIPPINE_SCIENCE_HIGHSCHOOL_-_CAGAYAN_VALLEY_CAMPUS-RAIN2
	0.0,2014-12-05 03:00:06,(125.128624, 7.3525840000000002),COTABATO-ARAKAN-RAIN2
	0.0,2014-12-05 03:00:12,(123.039317, 10.819117),NEGROS_OCCIDENTAL-E._LOPEZ-RAIN2
	0.0,2014-12-05 02:30:06,(125.44185, 12.14114),EASTERN_SAMAR-ORAS-RAIN2
	0.0,2014-12-05 02:45:08,(121.59656699999999, 14.168583),QUEZON-BRGY._LITA-VAISALA
	0.0,2014-12-05 03:00:06,(120.91706000000001, 13.505682999999999),ORIENTAL_MINDORO-SAN_ISIDRO-RAIN2
	0.0,2014-12-05 02:30:09,(121.555117, 18.226111),CAGAYAN-ALLACAPAN-RAIN2
	0.0,2014-12-05 03:22:10,(120.596349, 15.475479),TARLAC-BRGY._CENTRAL_AZUCARERA_DE_TARLAC-RAIN2
	0.0,2014-12-05 02:45:07,(121.027128, 16.527343999999999),NUEVA_VIZCAYA-AMBAGUIO_MUNICIPAL_HALL-RAIN2
	0.0,2014-12-05 03:14:06,(123.456056, 9.8158890000000003),CEBU-MANTALONGON-RAIN2
	0.0,2014-12-05 03:00:07,(124.901352, 7.0828800000000003),COTABATO-MATALAM-RAIN2
	0.0,2014-12-05 02:45:06,(121.527306, 16.511693999999999),QUIRINO-CABARROGUIS-RAIN2
	0.0,2014-12-05 03:00:09,(123.43558299999999, 10.510249999999999),NEGROS_OCCIDENTAL-BRGY._PUNAO-VAISALA
	0.0,2014-12-05 02:45:09,(124.33027800000001, 12.534722),NORTHERN_SAMAR-LAVEZARES_MUNICIPAL_GROUNDS-RAIN2
	0.0,2014-12-05 03:00:10,(125.731472, 9.5748060000000006),SURIGAO_DEL_NORTE-CLAVER_MUNICIPAL_HALL_COMPOUND-RAIN2
	0.0,2014-12-05 02:45:07,(124.961061, 8.2211730000000003),BUKIDNON-SAN_JUAN-RAIN2
	0.0,2014-12-05 02:45:07,(124.38805000000001, 11.611076000000001),BILIRAN-ALMERIA_CENTRAL_SCHOOL-RAIN2
	0.0,2014-12-05 02:45:36,(121.91462, 20.367260000000002),BATANES-IVANA_MUNICIPAL_HALL-RAIN2
	0.0,2014-12-05 02:45:06,(124.82294400000001, 8.8648889999999998),MISAMIS_ORIENTAL-GUINALABAN-RAIN2
	0.0,2014-12-05 03:00:08,(119.517, 11.272),PALAWAN-JTFM_VILLA_LIBERTAD-VAISALA
	0.0,2014-12-05 03:00:07,(124.53, 9.8397222200000005),BOHOL-BISU-COGTONG%2c_CANDIJAY_CAMPUS-RAIN2
	0.0,2014-12-05 03:00:10,(124.164886, 7.0288560000000002),MAGUINDANAO-UPI_MOTOR_POOL-RAIN2
	0.0,2014-12-05 03:15:08,(119.968, 15.327),ZAMBALES-PAGASA_IBA_STATION-VAISALA
	0.0,2014-12-05 02:45:11,(120.98349, 14.66315),METRO_MANILA-POTRERO_ELEMENTARY_SCHOOL-RAIN2
	0.0,2014-12-05 03:00:10,(123.273833, 10.392167000000001),NEGROS_ORIENTAL-BRGY._MAGLAHOS-RAIN2
	0.0,2014-12-05 03:00:07,(121.20902, 13.687530000000001),BATANGAS-LOBO-RAIN2
	0.0,2014-12-05 03:15:10,(124.234542, 8.2298819999999999),LANAO_DEL_NORTE-ABUNO-RAIN2
	0.0,2014-12-05 03:00:07,(121.403552, 17.181080000000001),MOUNTAIN_PROVINCE-PARACELIS-RAIN2
	0.0,2014-12-05 02:45:06,(126.02515, 8.4780300000000004),AGUSAN_DEL_SUR-ALEGRIA-RAIN2
	0.0,2014-12-05 03:20:00,(121.109308, 14.673997),METRO_MANILA-NANGKA-RAIN1
	0.0,2014-12-05 02:45:06,(126.17, 8.8833330000000004),SURIGAO_DEL_SUR-TINA-RAIN2
	0.0,2014-12-05 02:45:07,(125.052254, 7.1570499999999999),COTABATO-PRESIDENT_ROXAS-RAIN2
	0.0,2014-12-05 02:45:08,(121.9534, 16.140000000000001),AURORA-DINALUNGAN_NATIONAL_HIGH_SCHOOL-VAISALA
	0.0,2014-12-05 02:45:06,(120.93244, 14.050330000000001),BATANGAS-LAUREL-RAIN2
	0.0,2014-12-05 03:15:10,(120.596007, 16.402332999999999),BENGUET-IRISAN-RAIN2
	0.0,2014-12-05 03:00:06,(125.403362, 7.1721219999999999),DAVAO_CITY-BAGUIO_DISTRICT-RAIN2
	0.0,2014-12-05 03:00:07,(120.513806, 16.983639),ILOCOS_SUR-SUYO_MUNICIPAL_OFFICE-RAIN2
	0.0,2014-12-05 02:45:10,(123.885775, 12.014722000000001),MASBATE-LGU_AROROY-RAIN2
	0.0,2014-12-05 02:45:09,(122.33888899999999, 14.696847),QUEZON-BRGY._TALISOY-VAISALA
	0.0,2014-12-05 03:30:08,(123.43688899999999, 13.2995),ALBAY-LIBON-VAISALA
	0.0,2014-12-05 03:00:06,(121.578667, 18.127500000000001),CAGAYAN-LASAM_MUNICIPAL_HALL-RAIN2
	0.0,2014-12-05 03:00:09,(123.980222, 10.322383),CEBU-PAGASA_MACTAN_STATION-VAISALA
	0.0,2014-12-05 03:15:07,(125.5856, 9.6044),SURIGAO_DEL_NORTE-MAINIT_MUNICIPAL_HALL-RAIN2
	0.0,2014-12-05 02:30:26,(123.775013, 8.3142549999999993),MISAMIS_OCCIDENTAL-SETI-RAIN2
	0.0,2014-12-05 02:45:33,(123.8905, 10.5787),NEGROS_OCCIDENTAL-DRRMO-RAIN2
	0.2,2014-12-05 03:00:07,(125.37273, 12.26511),EASTERN_SAMAR-ARTECHE-RAIN2
	0.0,2014-12-05 02:45:09,(123.20058299999999, 9.9781329999999997),NEGROS_ORIENTAL-BRGY._POBLACION__JIMALALUD-RAIN2
	0.0,2014-12-05 02:45:09,(124.006, 10.4605),CEBU-COMPOSTELA_SCIENCE_AND_TECHNOLOGY_HIGH_SCHOOL-RAIN2
	0.0,2014-12-05 03:00:06,(120.830524, 16.491353),BENGUET-BOKOD-RAIN2
	0.0,2014-12-05 02:30:11,(121.56343, 16.540240000000001),QUIRINO-SAGUDAY_MUNICIPAL_HALL-RAIN2
	0.0,2014-12-05 02:45:06,(120.94500499999999, 17.664121999999999),ABRA-LACUB-RAIN2
	0.0,2014-12-05 02:50:07,(120.54549, 16.110379999999999),PANGASINAN-POBLACION%2c_POZORRUBIO-RAIN2
	0.0,2014-12-05 03:00:07,(126.12321, 8.1209299999999995),AGUSAN_DEL_SUR-MANAT_ELEM._SCHOOL-RAIN2
	0.0,2014-12-05 03:00:07,(125.091103, 7.0085329999999999),COTABATO-KIDAPAWAN-RAIN2
	0.0,2014-12-05 02:30:06,(120.70594199999999, 17.719902000000001),ABRA-LAGAYAN-RAIN2
	0.0,2014-12-05 03:00:08,(121.873333, 20.333107999999999),BATANES-LGU_SABTANG-RAIN1
	0.0,2014-12-05 03:15:10,(125.170874, 10.334621),SOUTHERN_LEYTE-PSTC_SOUTHERN_LEYTE-RAIN2
	0.0,2014-12-05 02:45:07,(125.508112, 7.0841329999999996),DAVAO_CITY-PSHS-SMC_MINTAL-RAIN2
	0.0,2014-12-05 03:00:09,(124.28832199999999, 12.502447),NORTHERN_SAMAR-ALLEN_BUS_TERMINAL-RAIN2
	0.0,2014-12-05 02:45:09,(122.495356, 11.115764),ILOILO-WEST_VISAYAS_STATE_UNIVERSITY-RAIN2
	0.0,2014-12-05 03:00:10,(122.559899, 12.41276),ROMBLON-SAN_FERNANDO-RAIN2
	0.0,2014-12-05 02:45:06,(121.431817, 12.793200000000001),ORIENTAL_MINDORO-BRGY_VILLA_PAG-ASA-RAIN2
	0.0,2014-12-05 03:00:07,(121.64570000000001, 18.061820000000001),CAGAYAN-PNP_BUILDING-RAIN2
	0.0,2014-12-05 02:45:10,(121.407417, 14.255167),LAGUNA-BRGY._BUBUKAL-RAIN2
	0.0,2014-12-05 02:45:06,(125.69779, 9.5957699999999999),SURIGAO_DEL_NORTE-GIGAQUIT-RAIN2
	0.0,2014-12-05 03:00:15,(121.837936, 20.783563999999998),BATANES-ITBAYAT-RAIN2
	0.6,2014-12-05 02:45:06,(121.433333, 18.283332999999999),APAYAO-STA._MARCELA-RAIN2
	0.0,2014-12-05 03:15:07,(124.9075, 10.974444),LEYTE-NIA_DAM-RAIN2
	0.0,2014-12-05 02:30:06,(120.590028, 15.886944),PANGASINAN-STO._TOMAS-RAIN2
	0.0,2014-12-05 03:00:10,(123.72155600000001, 8.1571529999999992),MISAMIS_OCCIDENTAL-NMSC_COMPOUND-RAIN2
	0.0,2014-12-05 03:30:10,(124.784583, 9.1591109999999993),CAMIGUIN-DA_ANIMAL_BREEDING_STATION-RAIN2
	0.0,2014-12-05 03:00:09,(124.9175, 11.185560000000001),LEYTE-MUNICIPAL_GROUNDS_STA._FE-RAIN2
	0.2,2014-12-05 03:15:10,(123.596683, 12.905950000000001),SORSOGON-LGU_DONSOL-RAIN2
	0.0,2014-12-05 02:45:07,(121.65670799999999, 16.846464000000001),ISABELA-BRGY._PINOMA-RAIN2
	0.0,2014-12-05 03:15:06,(125.02249999999999, 11.768889),SAMAR-PARANAS_MUNICIPAL_HALL-RAIN2
	0.0,2014-12-05 02:45:06,(126.091894, 6.8365650000000002),DAVAO_ORIENTAL-MDRRM_OFFICE-RAIN2
	0.0,2014-12-05 02:45:09,(123.14872200000001, 9.7508330000000001),NEGROS_ORIENTAL-BRGY._POBLACION_-_BINDOY-RAIN2
	0.0,2014-12-05 03:00:06,(120.85189, 14.055350000000001),BATANGAS-BRGY._DAYAP_ITAAS-RAIN2
	0.0,2014-12-05 03:15:08,(121.09999999999999, 16.332999999999998),NUEVA_VIZCAYA-BRGY._HOLYWOOD-RAIN1
	0.0,2014-12-05 03:00:09,(124.595833, 12.070278),SAMAR-NORTHWEST_SAMAR_STATE_UNIVERSITY-RAIN2
	0.0,2014-12-05 03:00:06,(120.85594399999999, 17.095139),MOUNTAIN_PROVINCE-BESAO-RAIN2
	0.0,2014-12-05 03:15:10,(123.348615, 13.52502),CAMARINES_SUR-RAUL_S._ROCO_LIBRARY-RAIN2
	0.0,2014-12-05 02:30:06,(120.729854, 13.44192),OCCIDENTAL_MINDORO-BALAO_ELEMENTARY_SCHOOL%2c_BALAO-RAIN2
	0.0,2014-12-05 02:30:06,(125.95547000000001, 8.0693000000000001),AGUSAN_DEL_SUR-VERUELA_MUNICIPAL_HALL-RAIN2
	0.0,2014-12-05 03:15:08,(122.433333, 10.816667000000001),ILOILO-ALIMODIAN-RAIN1
	0.0,2014-12-05 02:45:06,(124.586716, 7.1582559999999997),COTABATO-ALEOSAN-RAIN2
	0.0,2014-12-05 03:15:06,(125.547453, 11.413069),EASTERN_SAMAR-LLORENTE_PUBLIC_PLAZA-RAIN2
	0.0,2014-12-05 02:45:10,(121.03185000000001, 14.70035),METRO_MANILA-QCPU-RAIN2
	0.0,2014-12-05 03:00:12,(123.479226, 10.593596),NEGROS_OCCIDENTAL-CALATRAVA_MUNICIPAL_HALL-RAIN2
	0.0,2014-12-05 03:00:07,(120.727664, 16.783353000000002),BENGUET-BAKUN-RAIN2
	0.0,2014-12-05 03:00:10,(124.21064800000001, 13.583736),CATANDUANES-CATANDUANES_STATE_COLLEGES-RAIN2
	0.0,2014-12-05 02:45:11,(121.74686, 16.508019999999998),ISABELA-DELFIN_ALBANO_MUNICIPAL_GROUNDS-RAIN2
	0.0,2014-12-05 03:00:06,(120.958265, 14.865818000000001),BULACAN-PANDI_MUNICIPAL_HALL-RAIN2
	0.0,2014-12-05 02:45:09,(125.088982, 6.9587640000000004),COTABATO-MAKILALA-RAIN2
	0.0,2014-12-05 03:15:06,(126.072317, 6.6534120000000003),DAVAO_ORIENTAL-GOVERNOR_GENEROSO-RAIN2
	0.0,2014-12-05 03:00:06,(121.00718999999999, 14.704980000000001),METRO_MANILA-MAPULANG_LUPA-RAIN2
	0.0,2014-12-05 03:00:06,(126.375944, 7.8698459999999999),DAVAO_ORIENTAL-BOSTON-RAIN2
	0.0,2014-12-05 03:30:10,(124.6667575, 12.508900499999999),NORTHERN_SAMAR-AGROMET_STATION%2c_UNIVERSITY_OF_EASTERN_PHILIPPINES%2c_CATARMAN_SAMAR-RAIN2
	0.0,2014-12-05 03:15:07,(124.36199999999999, 9.6579999999999995),BOHOL-LUBCANAN-RAIN2
	0.0,2014-12-05 02:45:06,(124.99824, 8.2957400000000003),BUKIDNON-HEALTH_CENTER%2c_POBLACION-RAIN2
	0.0,2014-12-05 02:45:07,(121.542, 15.7517),AURORA-BRGY._CALABUANAN-RAIN2
	0.0,2014-12-05 02:30:07,(120.65383300000001, 17.617277999999999),ABRA-TAYUM-RAIN2
	0.0,2014-12-05 03:00:09,(125.010389, 12.570055999999999),NORTHERN_SAMAR-LAOANG_MUNICIPAL_BUILDING-RAIN2
	0.0,2014-12-05 03:00:09,(123.930639, 10.446306),CEBU-BRGY._PANAS-RAIN2
	0.0,2014-12-05 03:15:10,(123.50545, 8.199166),ZAMBOANGA_DEL_SUR-ARGAO-RAIN2
	0.0,2014-12-05 03:00:07,(125.17326660000001, 10.262133),SOUTHERN_LEYTE-SAN_JUAN_-_POBLACION-RAIN2
	0.0,2014-12-05 03:10:07,(123.355056, 9.4267219999999998),CEBU-PASIL-RAIN2
	0.0,2014-12-05 03:00:33,(123.0468, 10.89254),NEGROS_OCCIDENTAL-VICTORIAS_CITY_COLISEUM-RAIN2
	0.0,2014-12-05 03:00:02,(122.97199999999999, 10.589),NEGROS_OCCIDENTAL-FELISA-VAISALA
	0.0,2014-12-05 02:30:11,(121.58223, 17.714067),CAGAYAN-BARANGAY_WARAT-RAIN2
	0.0,2014-12-05 03:15:07,(120.59558199999999, 17.414892999999999),ABRA-PILAR-RAIN2
	0.0,2014-12-05 02:45:07,(121.08703, 16.77655),IFUGAO-KIANGAN_MUNICIPAL_HALL-RAIN2
	0.0,2014-12-05 02:30:06,(126.10832000000001, 7.7059899999999999),COMPOSTELA_VALLEY-MANGAYON_ELEMENTARY_SCHOOL-RAIN2
	0.0,2014-12-05 02:45:06,(121.8768869, 6.5415029999999996),BASILAN-MALUSO_MUNICIPAL_HALL-RAIN2
	0.0,2014-12-05 02:45:07,(122.65897200000001, 11.066439000000001),ILOILO-ILOILO_STATE_COLLEGE_OF_FISHERIES-RAIN2
	0.0,2014-12-05 03:00:06,(125.55945, 9.2415599999999998),AGUSAN_DEL_NORTE-JAGUPIT-RAIN2
	0.0,2014-12-05 02:30:07,(124.356325, 11.678786000000001),BILIRAN-KAWAYAN-RAIN2
	0.0,2014-12-05 02:45:06,(121.18350599999999, 18.014997999999999),APAYAO-KABUGAO-RAIN2
	0.0,2014-12-05 03:00:07,(125.009613, 7.982227),BUKIDNON-MOUNTAIN__VIEW_COLLEGE-RAIN2
	0.0,2014-12-05 03:00:11,(121.60446, 17.311699999999998),ISABELA-QUEZON_MUNICIPAL_HALL-RAIN2
	0.0,2014-12-05 02:45:06,(125.497281, 11.504189999999999),EASTERN_SAMAR-MAYDOLONG-RAIN2
	0.0,2014-12-05 02:45:06,(122.17836800000001, 7.1516770000000003),ZAMBOANGA_CITY-DULIAN-RAIN2
	0.0,2014-12-05 03:15:06,(121.151483, 13.206200000000001),ORIENTAL_MINDORO-BRGY_MAHABANG_PARANG-RAIN2
	1.6,2014-12-05 03:00:10,(122.307, 11.526),AKLAN-MADALAG_PLAZA_POBLACION-RAIN2
	0.0,2014-12-05 03:00:07,(120.63576399999999, 17.922075),ILOCOS_NORTE-BRGY._BINACAG-RAIN2
	0.4,2014-12-05 03:15:10,(121.458333, 17.676666000000001),IFUGAO-IFUGAO_STATE_UNIVERSITY-RAIN2
	0.0,2014-12-05 02:45:07,(123.826117, 10.727710999999999),CEBU-CTU_TUBURAN_CAMPUS-RAIN2
	0.0,2014-12-05 03:30:10,(124.719639, 5.9385830000000004),SARANGANI-KIAMBA-RAIN2
	0.0,2014-12-05 02:45:10,(121.06189999999999, 13.773300000000001),BATANGAS-BRGY._KUMINTANG-RAIN2
	0.0,2014-12-05 02:45:07,(122.20573, 7.2309799999999997),ZAMBOANGA_CITY-SAPA_MORO_ELEM._SCHOOL-RAIN2
	0.0,2014-12-05 03:00:06,(123.10881000000001, 9.4622299999999999),NEGROS_ORIENTAL-NEGROS_ORIENTAL_STATE_UNIVERSITY_PAMPLONA_CAMPUS-RAIN2
	0.0,2014-12-05 02:45:06,(125.53793, 11.245799999999999),EASTERN_SAMAR-GEN_MACARTHUR-RAIN2
	0.0,2014-12-05 02:45:07,(120.57852800000001, 17.238416999999998),ILOCOS_SUR-BRGY._CABAROAN-RAIN2
	0.0,2014-12-05 02:45:10,(124.49201100000001, 8.3498750000000008),MISAMIS_ORIENTAL-PIGSAG-AN-RAIN2
	0.0,2014-12-05 02:45:07,(125.066067, 11.280932999999999),SAMAR-BUSCADA-RAIN2
	0.0,2014-12-05 02:30:10,(124.313917, 12.447028),NORTHERN_SAMAR-PNP_CAMP-RAIN2
	0.0,2014-12-05 03:00:10,(124.409935, 11.564683),BILIRAN-BRGY._CALUMPANG-RAIN2
	0.0,2014-12-05 02:45:07,(121.34646530000001, 17.573875999999998),KALINGA-PINUKPUK-RAIN2
	0.0,2014-12-05 02:45:10,(121.303031, 15.793450999999999),NUEVA_VIZCAYA-ALFONSO_CASTANEDA-RAIN2
	0.0,2014-12-05 03:00:06,(122.83665000000001, 9.3532100000000007),NEGROS_ORIENTAL-NEGROS_ORIENTAL_STATE_UNIVERSITY%2c_BAYAWAN_CAMPUS-RAIN2
	0.0,2014-12-05 03:00:10,(122.676, 11.2517),CAPIZ-BRGY._CODINGLE-RAIN2
	0.0,2014-12-05 03:00:10,(124.586333, 8.1856390000000001),BUKIDNON-STO._NINO-RAIN2
	0.0,2014-12-05 02:45:07,(120.88333299999999, 16.350000000000001),NUEVA_VIZCAYA-KAYAPA_MUNICIPAL_HALL-RAIN2
	0.0,2014-12-05 03:00:06,(124.512238, 7.2460290000000001),COTABATO-LIBUNGAN-RAIN2
	0.0,2014-12-05 03:15:06,(126.00708, 8.6320800000000002),AGUSAN_DEL_SUR-MAGSAYSAY-RAIN2
	0.0,2014-12-05 02:30:10,(126.28368, 8.9693500000000004),SURIGAO_DEL_SUR-BALITE-RAIN2
	0.0,2014-12-05 02:45:09,(125.05594600000001, 7.2500109999999998),COTABATO-ANTIPAS-RAIN2
	0.0,2014-12-05 02:45:07,(123.51776700000001, 13.434983000000001),CAMARINES_SUR-BUHI-RAIN2
	0.0,2014-12-05 02:45:10,(120.086, 7.3511110000000004),COMPOSTELA_VALLEY-PSTC_COMPOSTELA_VALLEY-RAIN2
	0.0,2014-12-05 02:45:09,(122.924161, 11.429719),CAPIZ-PRESIDENT_ROXAS-RAIN2
	0.0,2014-12-05 02:45:06,(124.992333, 11.589),SAMAR-BRGY_DOLORES-RAIN2
	0.0,2014-12-05 03:00:06,(120.92966699999999, 16.132833000000002),NUEVA_VIZCAYA-DALTON_PASS-RAIN2
	0.0,2014-12-05 02:30:08,(123.700389, 13.884499999999999),CAMARINES_SUR-GARCHITORENA_MUNICIPAL_GROUNDS-VAISALA
	0.0,2014-12-05 02:45:09,(124.066889, 11.701499999999999),SAMAR-HINABANGAN_MUNICIPAL_GROUNDS-RAIN2
	0.0,2014-12-05 02:45:07,(125.14900299999999, 10.386267),SOUTHERN_LEYTE-SLSU%2c_HINUNANGAN_CAMPUS-RAIN2
	0.0,2014-12-05 03:15:06,(124.6024913, 6.8840627000000003),MAGUINDANAO-SULTAN_SA_BARONGIS_MUNICIPAL_COMPOUND-RAIN2
	0.0,2014-12-05 02:30:07,(125.571777, 7.631437),DAVAO_DEL_NORTE-TALAINGOD_MUNICIPAL_HALL-RAIN2
	0.0,2014-12-05 02:45:07,(120.781047, 17.629059999999999),ABRA-LAGANGILANG-RAIN2
	0.0,2014-12-05 03:00:08,(120.90047, 17.084510000000002),MOUNTAIN_PROVINCE-SAGADA-RAIN2
	0.0,2014-12-05 02:45:08,(121.18683299999999, 16.590499999999999),NUEVA_VIZCAYA-VILLA_VERDE-RAIN2
	0.0,2014-12-05 02:45:06,(125.69289999999999, 8.8193000000000001),AGUSAN_DEL_SUR-SIBAGAT_MUNICIPAL_HALL-RAIN2
	0.0,2014-12-05 02:45:07,(122.690417, 10.609249999999999),GUIMARAS-SAN_LORENZO_MUNICIPAL_HALL-RAIN2
	0.0,2014-12-05 03:00:10,(125.419528, 9.7780280000000008),SURIGAO_DEL_NORTE-SAN_FRANCISCO_MUNICIPAL_HALL_COMPOUND-RAIN2
	0.0,2014-12-05 03:00:10,(125.57691699999999, 9.4508609999999997),AGUSAN_DEL_NORTE-KITCHARAO_MUNICIPAL_HALL_COMPOUND-RAIN2
	0.0,2014-12-05 02:30:06,(125.034333, 12.342860999999999),NORTHERN_SAMAR-CATUBIG_MUNICIPAL_BLDG.-RAIN2
	0.0,2014-12-05 02:45:07,(121.50355, 14.115119999999999),LAGUNA-MAJAYJAY-RAIN2
	0.0,2014-12-05 02:45:06,(125.276, 9.9131610000000006),SOUTHERN_LEYTE-INOLLNAN-RAIN2
	0.0,2014-12-05 03:00:09,(124.699028, 8.3045390000000001),BUKIDNON-BAUNGON_POBLACION-RAIN2
	0.0,2014-12-05 03:15:09,(124.2135608, 7.5084330000000001),LANAO_DEL_SUR-BALABAGAN_MUNICIPAL_HALL-RAIN2
	0.0,2014-12-05 02:30:07,(120.07036100000001, 15.061417),ZAMBALES-SAN_FELIPE_TOWN_HALL-RAIN2
	0.0,2014-12-05 03:00:06,(125.8066, 8.2797999999999998),AGUSAN_DEL_SUR-PANANGAN-RAIN2
	0.0,2014-12-05 03:15:09,(121.05226999999999, 14.489660000000001),METRO_MANILA-DOST_BICUTAN-VAISALA
	0.0,2014-12-05 02:45:15,(123.524111, 9.7704719999999998),CEBU-CANSAROY-RAIN2
	0.0,2014-12-05 02:30:06,(120.115837, 13.806093000000001),OCCIDENTAL_MINDORO-LUBANG_ORGANIC_FERTILIZER_PLANT-RAIN2
	0.0,2014-12-05 02:30:07,(120.681417, 15.575972),TARLAC-VICTORIA_MUNICIPAL_HALL-RAIN2
	0.0,2014-12-05 02:45:06,(124.823791, 7.1086429999999998),COTABATO-KABACAN-RAIN2
	0.0,2014-12-05 02:30:07,(120.96346, 13.8101),BATANGAS-BARANGAY_HALL%2c_BRGY._MALINDIG-RAIN2
	0.0,2014-12-05 02:45:06,(121.99548, 10.91422),ANTIQUE-PATNONGON-RAIN2
	0.0,2014-12-05 03:00:07,(120.907078, 16.971457999999998),MOUNTAIN_PROVINCE-SABANGAN-RAIN2
	0.0,2014-12-05 02:45:07,(120.69958800000001, 17.706206999999999),ABRA-LA_PAZ-RAIN2
	0.0,2014-12-05 02:45:10,(124.32335, 8.2462859999999996),LANAO_DEL_NORTE-BRGY_DIGKILAAN-RAIN2
	0.0,2014-12-05 03:00:10,(122.484689, 10.841672000000001),ILOILO-CABATUAN-RAIN2
	0.0,2014-12-05 02:45:06,(125.486414, 7.6339980000000001),DAVAO_DEL_NORTE-BRGY._STO_NINO-RAIN2
	0.0,2014-12-05 03:00:06,(120.59956099999999, 14.937932999999999),PAMPANGA-BRGY._SAN_NICOLAS-RAIN2
	0.0,2014-12-05 03:00:09,(123.896806, 10.325944),CEBU-DOST_VII-RAIN2
	0.0,2014-12-05 03:00:06,(120.761326, 17.493452000000001),ABRA-SALLAPADAN-RAIN2
	0.0,2014-12-05 03:00:06,(122.92007, 9.7585700000000006),NEGROS_ORIENTAL-NEGROS_ORIENTAL_STATE_UNIVERSITY%2c_MABINAY_CAMPUS-RAIN2
	0.0,2014-12-05 02:45:09,(125.035854, 8.2172859999999996),BUKIDNON-NOMIARC%2c_DALWANGAN-RAIN2
	0.0,2014-12-05 02:45:06,(125.56975, 9.5537299999999998),SURIGAO_DEL_NORTE-TUBOD_MUNICIPAL_HALL-RAIN2
	0.0,2014-12-05 02:30:09,(125.5998, 8.7329500000000007),AGUSAN_DEL_NORTE-MAT-I-RAIN2
	0.0,2014-12-05 03:00:07,(124.85072, 8.2198200000000003),BUKIDNON-DAHILAYAN-RAIN2
	0.0,2014-12-05 02:45:12,(122.05092, 10.281650000000001),NEGROS_OCCIDENTAL-BRGY._GARATO-RAIN2
	0.0,2014-12-05 03:15:06,(121.72277800000001, 17.836110999999999),CAGAYAN-AMULUNG_MUNICIPAL_DISASTER_OPERATION_CENTER-RAIN2
	0.0,2014-12-05 03:00:07,(120.633527, 14.965005),PAMPANGA-PLAZA_BURGOS-RAIN2
	0.0,2014-12-05 02:30:06,(120.413222, 16.015194000000001),PANGASINAN-MALANAY-RAIN2
	0.0,2014-12-05 03:00:07,(121.756944, 17.649443999999999),CAGAYAN-SOLANA_MUNICIPAL_HALL-RAIN2
	0.0,2014-12-05 02:45:07,(121.61776, 14.04466),QUEZON-BRGY._KATIGAN_KALURAN-RAIN2
	0.0,2014-12-05 02:45:06,(124.319433, 7.0085329999999999),MAGUINDANAO-MSU_MAGUINDANAO%2c_BFAR_AREA%2c_DOS-RAIN2
	0.0,2014-12-05 02:30:06,(122.11968299999999, 7.1079670000000004),ZAMBOANGA_CITY-CABONEGRO_REPEATER_STATION-RAIN2
	0.0,2014-12-05 03:15:06,(121.91207, 17.885159999999999),CAGAYAN-HACIENDA_INTAL_NATL_HIGH_SCHOOL-RAIN2
	0.0,2014-12-05 02:30:06,(120.268806, 16.042221999999999),PANGASINAN-BINMALEY_PANGASINAN_STATE_UNIVERSITY-RAIN2
	0.0,2014-12-05 03:15:07,(121.938889, 20.350277999999999),BATANES-UYUGAN-RAIN2
	0.0,2014-12-05 03:15:08,(121.37649999999999, 15.4077),AURORA-DINGALAN_CENTRAL_SCHOOL-VAISALA
	0.0,2014-12-05 02:45:06,(125.79271900000001, 7.8190650000000002),DAVAO_DEL_NORTE-LAAK_MUNICIPAL_HALL-RAIN2
	0.0,2014-12-05 03:00:08,(122.3676, 11.697217),AKLAN-KALIBO_CAPITOL_PLAZA-VAISALA
	0.0,2014-12-05 03:00:06,(124.300483, 13.9078),CATANDUANES-PANGANIBAN_MUNICIPAL_HALL-RAIN2
	0.0,2014-12-05 03:00:06,(120.514944, 15.170944),PAMPANGA-SAPANG_BATO_BRGY_HALL-RAIN2
	0.0,2014-12-05 02:45:10,(125.67013900000001, 7.3158060000000003),DAVAO_DEL_NORTE-PANABO-RAIN2
	0.0,2014-12-05 03:00:06,(120.616, 15.135999999999999),PAMPANGA-CITY_SPORTS_COMPLEX-RAIN2
	0.0,2014-12-05 02:45:06,(123.75338000000001, 8.2582909999999998),MISAMIS_OCCIDENTAL-SINUZA-RAIN2
	0.0,2014-12-05 03:00:06,(121.02999, 14.65874),METRO_MANILA-QUEZON_CITY_SCIENCE_HIGH_SCHOOL-RAIN2
	0.0,2014-12-05 03:00:07,(124.35605, 6.9843330000000003),MAGUINDANAO-POBLACION_TALAYAN-RAIN2
	0.0,2014-12-05 02:45:07,(125.45, 11.12049),EASTERN_SAMAR-GIPORLOS-RAIN2
	0.0,2014-12-05 03:00:11,(121.80949, 16.721530000000001),ISABELA-SAN_GUILLERMO_MUNICIPAL_HALL-RAIN2
	0.0,2014-12-05 03:00:07,(120.4235, 16.894166999999999),LA_UNION-CENTRAL_WEST_%232-RAIN2
	0.0,2014-12-05 02:30:07,(122.015917, 6.9957000000000003),ZAMBOANGA_CITY-BALUNO_-_LIMA_ELEMENTARY_SCHOOL-RAIN2
	0.0,2014-12-05 03:30:10,(119.88720000000001, 5.0729574),TAWI-TAWI-PSTC_TAWI-TAWI-RAIN2
	0.0,2014-12-05 03:00:07,(121.18866, 14.04496),BATANGAS-STO._TOMAS-RAIN2
	0.0,2014-12-05 02:45:06,(120.602794, 17.465758000000001),ABRA-SAN_ISIDRO-RAIN2
	0.0,2014-12-05 03:00:06,(121.583333, 16.866667),CAGAYAN-SAN_MATEO_MUNICIPAL_HALL-RAIN2
	0.0,2014-12-05 02:45:06,(121.12888, 14.017860000000001),BATANGAS-BALETE-RAIN2
	0.0,2014-12-05 02:45:06,(124.423783, 7.2793429999999999),COTABATO-PIGCAWAYAN-RAIN2
	0.0,2014-12-05 02:45:09,(123.2517, 9.1983329999999999),NEGROS_ORIENTAL-BRGY._POBLACION_DISTRICT_1-RAIN2
	0.0,2014-12-05 03:30:02,(122.92400000000001, 10.641299999999999),NEGROS_OCCIDENTAL-TANGUB-RAIN1
	0.0,2014-12-05 02:45:06,(124.79601, 6.71265),MAGUINDANAO-BULUAN_MUNICIPAL_COMPOUND-RAIN2
	0.0,2014-12-05 03:15:09,(123.486, 8.0975999999999999),ZAMBOANGA_DEL_SUR-BARANGAY_PARASAN-RAIN2
	0.0,2014-12-05 02:30:07,(125.85662000000001, 8.5423600000000004),AGUSAN_DEL_SUR-SAN_VICENTE-RAIN2
	0.0,2014-12-05 03:15:10,(123.348615, 7.9207789999999996),ZAMBOANGA_DEL_SUR-CARIDAD-RAIN2
	0.0,2014-12-05 03:00:06,(120.44506699999999, 16.934032999999999),ILOCOS_SUR-TAGUDIN_HEALTH_CENTER-RAIN2
	0.0,2014-12-05 02:45:06,(120.65644, 17.70072),ABRA-DANGLAS-RAIN2
	0.0,2014-12-05 03:00:29,(121.56946000000001, 17.883859999999999),CAGAYAN-STO._NINO_MUNICIPAL_HALL-RAIN2
	0.0,2014-12-05 03:15:07,(121.51494, 18.409929999999999),CAGAYAN-BALLESTEROS_MUNICIPAL_HALL-RAIN2
	0.0,2014-12-05 03:00:12,(122.47512999999999, 9.5964670000000005),NEGROS_OCCIDENTAL-PAGBANAAG_VILLAGE-RAIN2
	0.0,2014-12-05 03:20:00,(121.168919, 14.662644),RIZAL-ARIES-RAIN1
	0.0,2014-12-05 02:45:10,(120.48184500000001, 14.641684),BATAAN-ORANI_STATE_UNIVERSITY-RAIN2
	0.0,2014-12-05 02:30:30,(125.272507, 6.3769689999999999),SARANGANI-MALUNGON-RAIN2
	0.0,2014-12-05 03:00:06,(125.94108, 8.5500030000000002),AGUSAN_DEL_SUR-AGUSAN_DEL_SUR%2c_PROVINCIAL_CAPITOL-RAIN2
	0.0,2014-12-05 02:30:07,(121.41522999999999, 14.133319999999999),LAGUNA-NAGCARLAN-RAIN2
	0.0,2014-12-05 02:45:06,(125.62985999999999, 8.8246040000000008),AGUSAN_DEL_NORTE-SUMILE-RAIN2
	0.0,2014-12-05 03:00:07,(126.010952, 6.898034),DAVAO_ORIENTAL-BRGY._POBLACION_LUPON-RAIN2
	0.0,2014-12-05 02:50:07,(124.343417, 7.9686669999999999),LANAO_DEL_SUR-POLO_DITSAAN-RAIN2
	0.2,2014-12-05 03:00:07,(121.83338000000001, 14.00802),QUEZON-STA_CATALINA_ELEMENTARY_SCHOOL_ANNEX-RAIN2
	0.0,2014-12-05 03:00:07,(124.843889, 11.420278),LEYTE-POBLACION_BABATNGON-RAIN2
	0.0,2014-12-05 02:45:12,(122.631783, 9.9725699999999993),NEGROS_OCCIDENTAL-CAUAYAN_POLICE_STATION-RAIN2
	0.2,2014-12-05 03:15:10,(125.44345800000001, 11.995832999999999),EASTERN_SAMAR-EASTERN_SAMAR_STATE_UNIVERSITY-RAIN2
	0.0,2014-12-05 03:00:06,(123.11935, 9.5928299999999993),NEGROS_ORIENTAL-NEGROS_ORIENTAL_STATE_UNIVERSITY_BAIS_CAMPUS-RAIN2
	0.0,2014-12-05 02:45:06,(121.471109, 18.01623),APAYAO-FLORA-RAIN2
	0.0,2014-12-05 02:30:07,(123.180167, 10.367832999999999),NEGROS_ORIENTAL-CANLAON-RAIN2
	0.0,2014-12-05 03:00:07,(124.695114, 7.5056349999999998),COTABATO-BANISILAN-RAIN2
	0.0,2014-12-05 02:45:09,(124.425, 12.523332999999999),NORTHERN_SAMAR-ROSARIO_MUNICIPAL_GROUNDS-RAIN2
	0.6,2014-12-05 03:00:06,(121.83338000000001, 14.177770000000001),QUEZON-ATIMONAN-RAIN2
	0.0,2014-12-05 02:45:07,(121.263897, 16.489336000000002),NUEVA_VIZCAYA-QUEZON_MUNICIPAL_HALL-RAIN2
	0.0,2014-12-05 02:45:07,(121.00583, 16.838650000000001),IFUGAO-HUNGDUAN-RAIN2
	0.0,2014-12-05 03:00:06,(123.2777, 13.469067000000001),CAMARINES_SUR-BULA-RAIN2
	0.0,2014-12-05 02:45:07,(125.70440000000001, 8.7805999999999997),AGUSAN_DEL_SUR-ESPERANZA_POBLACION-RAIN2
	0.0,2014-12-05 02:45:11,(121.87454, 17.474710000000002),ISABELA-BARANGAY_SAN_VICENTE-RAIN2
	0.0,2014-12-05 03:00:09,(123.58416699999999, 9.8991670000000003),CEBU-PSHS_CENTRAL_VISAYAS-RAIN2
	0.0,2014-12-05 03:15:06,(121.071383, 16.789883),IFUGAO-UP_NHRC-RAIN2
	0.0,2014-12-05 03:15:10,(124.79727800000001, 7.2050000000000001),COTABATO-CARMEN-RAIN2
	0.0,2014-12-05 02:30:06,(120.564556, 15.244278),PAMPANGA-MABALACAT_MUNICIPAL_HALL-RAIN2
	0.0,2014-12-05 03:00:06,(126.00279999999999, 8.1706000000000003),AGUSAN_DEL_SUR-ASSCAT%2c_SAN_TEODORO-RAIN2
	0.0,2014-12-05 04:30:05,(122.5793, 10.772266999999999),ILOILO-JARO-VAISALA
	0.0,2014-12-05 02:45:09,(121.49829, 14.33601),LAGUNA-KALAYAAN-RAIN2
	0.0,2014-12-05 03:15:08,(121.923, 7.008),ZAMBOANGA_CITY-WMSU_COMPOUND-VAISALA
	0.0,2014-12-05 03:15:06,(125.85717, 8.7195800000000006),AGUSAN_DEL_SUR-LORETO_MUNICIPAL_HALL-RAIN2
	0.0,2014-12-05 03:00:10,(124.86152800000001, 6.4775309999999999),SOUTH_COTABATO-KORONADAL_CITY-RAIN2
	0.0,2014-12-05 02:45:06,(121.030833, 14.264722000000001),CAVITE-CARMONA-RAIN2
	0.0,2014-12-05 03:15:10,(121.53985, 14.052783),QUEZON-BRGY._LALO-RAIN2
	0.0,2014-12-05 02:45:06,(123.65746, 9.1983700000000006),SIQUIJOR-NORTH_POBLACION-RAIN2
	0.0,2014-12-05 03:00:06,(120.67493, 16.365749999999998),BENGUET-ITOGON-RAIN2
	0.0,2014-12-05 02:45:07,(122.58755600000001, 10.752667000000001),ILOILO-BITO-ON-RAIN2
	0.0,2014-12-05 03:00:08,(124.235167, 7.196167),COTABATO-PEOPLE%27S_PALACE_GROUNDS-VAISALA
	0.0,2014-12-05 02:45:07,(124.71314, 9.2337430000000005),CAMIGUIN-QUIBORO_ELEMENTARY_SCHOOL-RAIN2
	0.0,2014-12-05 02:45:07,(123.84999999999999, 9.6500000000000004),BOHOL-DOST_PSTC_BOHOL-RAIN2
	0.0,2014-12-05 03:15:06,(123.34094399999999, 9.7319999999999993),CEBU-ALEGRIA_POBLACION-RAIN2
	0.0,2014-12-05 02:45:34,(121.74697999999999, 16.508209999999998),ISABELA-SAN_AGUSTIN_MUNICIPAL_HALL-RAIN2
	0.0,2014-12-05 02:30:07,(121.345066, 18.127293999999999),APAYAO-PUDTOL-RAIN2
	0.0,2014-12-05 02:45:07,(121.831333, 18.287500000000001),CAGAYAN-BUGUEY-RAIN2
	0.0,2014-12-05 02:45:13,(120.97126, 14.223929999999999),CAVITE-SILANG-RAIN2
	0.0,2014-12-05 03:00:09,(123.391972, 9.9347499999999993),CEBU-MOALBOAL-RAIN2
	0.0,2014-12-05 02:45:09,(122.52589999999999, 10.421683),GUIMARAS-LA_PAZ_ELEMENTARY_SCHOOL-RAIN2
	0.0,2014-12-05 02:30:09,(120.83779699999999, 16.623466000000001),BENGUET-KABAYAN-RAIN2
	0.0,2014-12-05 03:00:07,(124.70792400000001, 9.2271809999999999),CAMIGUIN-BACNIT_ES-RAIN2
	0.0,2014-12-05 03:15:07,(123.467, 13.695),CAMARINES_SUR-PSHS_BICOL-RAIN2
	0.0,2014-12-05 02:45:07,(123.59466999999999, 9.2486200000000007),SIQUIJOR-HELEN-RAIN2
	0.0,2014-12-05 03:00:07,(122.10169999999999, 7.1356669999999998),ZAMBOANGA_CITY-BARREDO_PMS-RAIN2
	0.0,2014-12-05 02:30:08,(121.043333, 16.312000000000001),NUEVA_VIZCAYA-DEMO_FARM-RAIN2
	0.0,2014-12-05 03:00:06,(119.965194, 16.122471999999998),PANGASINAN-ALAMINOS_PANGASINAN_STATE_UNIVERSITY-RAIN2
	0.0,2014-12-05 03:00:07,(125.25, 9.9499999999999993),SOUTHERN_LEYTE-POBLACION_IBABAO-RAIN2
	0.0,2014-12-05 03:00:07,(121.655556, 17.903055999999999),CAGAYAN-ALCALA_MUNICIPAL_HALL-RAIN2
	0.0,2014-12-05 03:00:09,(124.11675, 11.330389),CEBU-LOGON_NATIONAL_HIGH_SCHOOL-RAIN2
	0.0,2014-12-05 03:00:06,(125.70013899999999, 6.1799480000000004),DAVAO_DEL_SUR-DON_MARCELINO_MUNICIPALL_HALL-RAIN2
	0.0,2014-12-05 03:15:06,(123.034417, 9.0600500000000004),NEGROS_ORIENTAL-NEGROS_ORIENTAL_STATE_UNIVERSITY_SIATON_CAMPUS-RAIN2
	0.0,2014-12-05 03:15:06,(120.409622, 17.638746999999999),ILOCOS_SUR-STO._DOMINGO_POLICE_STATION-RAIN2
	0.0,2014-12-05 03:15:10,(121.22727500000001, 17.391857999999999),KALINGA-BULANAO-RAIN2
	0.0,2014-12-05 03:00:07,(123.2808, 9.2798999999999996),NEGROS_ORIENTAL-NEGROS_ORIENTAL_STATE_UNIVERSITY%2c_BAJUMPANDAN_CAMPUS-RAIN2
	0.0,2014-12-05 02:45:07,(120.72466, 17.25845),ABRA-TUBO-RAIN2
	0.0,2014-12-05 03:00:09,(125.80110000000001, 8.5869),AGUSAN_DEL_SUR-TALACOGON_MUNICIPAL_HALL-RAIN2
	0.0,2014-12-05 03:00:10,(120.568967, 13.2407),OCCIDENTAL_MINDORO-BRGY._TAYAMAAN-RAIN2
	0.0,2014-12-05 02:45:06,(121.21284, 13.87983),BATANGAS-PADRE_GARCIA-RAIN2
	0.0,2014-12-05 02:30:06,(123.04164729999999, 13.5080261),CAMARINES_SUR-PASACAO-RAIN2
	0.0,2014-12-05 03:15:06,(125.01137, 7.7813800000000004),BUKIDNON-MARAMAG_MUNICIPAL_HALL-RAIN2
	0.0,2014-12-05 03:00:07,(124.7833, 11.195),LEYTE-KAGLAWAAN_MUNICIPAL_NURSERY-RAIN2
	0.0,2014-12-05 03:00:06,(126.03270999999999, 8.0098299999999991),AGUSAN_DEL_SUR-STA_ISABEL-RAIN2
	0.0,2014-12-05 03:15:07,(120.487003, 16.497398),BENGUET-SABLAN-RAIN2
	0.0,2014-12-05 03:00:06,(121.2216, 16.972691999999999),IFUGAO-MAYOYAO-RAIN2
	0.0,2014-12-05 02:30:06,(122.859944, 9.9096030000000006),NEGROS_OCCIDENTAL-BRGY._ORINGAO-RAIN2
	0.0,2014-12-05 02:45:06,(120.78243999999999, 16.72336),BENGUET-BUGUIAS-RAIN2
	0.0,2014-12-05 02:45:06,(122.071838, 11.236969999999999),ANTIQUE-CAPUYUAN_ELEMENTARY_SCHOOL-RAIN2
	0.0,2014-12-05 03:00:08,(124.607694, 6.6470279999999997),SULTAN_KUDARAT-ISULAN-RAIN1
	0.0,2014-12-05 02:30:06,(121.34999999999999, 12.335817),ORIENTAL_MINDORO-BRGY._NASUCOB-RAIN2
	0.0,2014-12-05 02:30:07,(124.325, 10.148889),BOHOL-TALIBON_POBLACION-RAIN2
	0.0,2014-12-05 03:00:09,(124.178167, 10.942306),CEBU-TABOGON_CENTRAL_SCHOOL-RAIN2
	0.0,2014-12-05 03:00:10,(121.37269999999999, 18.331099999999999),APAYAO-LUNA-RAIN2
	0.0,2014-12-05 02:45:06,(122.891936, 9.8463170000000009),NEGROS_OCCIDENTAL-BRGY._CAMINGAWAN-RAIN2
	0.0,2014-12-05 03:00:10,(120.381111, 17.561944),ILOCOS_SUR-BRGY._TAMAG-RAIN2
	0.0,2014-12-05 03:00:07,(121.489107, 16.920684999999999),KALINGA-RIZAL-RAIN2
	0.0,2014-12-05 03:00:08,(123.68005599999999, 13.456861),ALBAY-SAN_RAFAEL_ST.-VAISALA
	0.0,2014-12-05 02:45:11,(123.02515, 10.325616),NEGROS_OCCIDENTAL-FARMER_AND_AGRICULTURAL_CENTER-RAIN2
	0.0,2014-12-05 03:15:06,(120.637185, 16.265221),BENGUET-TUBA-RAIN2
	0.0,2014-12-05 02:45:06,(124.268883, 8.0339329999999993),LANAO_DEL_SUR-SAGUIARAN-RAIN2
	0.0,2014-12-05 03:15:07,(123.516944, 9.1447219999999998),SIQUIJOR-NAPO-RAIN2
	0.0,2014-12-05 02:45:06,(125.2581, 10.274166599999999),SOUTHERN_LEYTE-POBLACION_ANAHAWAN-RAIN2
	0.0,2014-12-05 02:45:07,(120.51852, 17.543220000000002),ABRA-SAN_QUINTIN-RAIN2
	0.0,2014-12-05 02:45:10,(125.205972, 6.78925),DAVAO_DEL_SUR-BANSALAN_PROVINCIAL_NURSERY-RAIN2
	0.0,2014-12-05 03:00:08,(121.21339, 16.23039),NUEVA_VIZCAYA-BRGY._BITNONG-RAIN2
	0.0,2014-12-05 03:00:10,(119.95678100000001, 15.847200000000001),PANGASINAN-PANGASINAN_STATE_UNIVERSITY-RAIN2
	0.0,2014-12-05 02:30:06,(124.9507785, 6.3309069999999998),SOUTH_COTABATO-TUPI-RAIN2
	0.0,2014-12-05 03:00:06,(120.649106, 18.369738999999999),ILOCOS_NORTE-BRGY_SAPAT-RAIN2
	0.0,2014-12-05 03:00:10,(121.06056, 14.530390000000001),METRO_MANILA-USUSAN-RAIN2
	0.0,2014-12-05 03:00:07,(120.605795, 16.575991999999999),BENGUET-KAPANGAN-RAIN2
	0.0,2014-12-05 03:00:07,(123.1883, 13.6173),CAMARINES_SUR-TRIANGULO_NAGA-RAIN2
	0.0,2014-12-05 02:45:07,(124.677361, 7.0572010000000001),COTABATO-PIKIT-RAIN2
	0.0,2014-12-05 03:15:10,(120.468278, 14.668917),BATAAN-BRGY_DANGCOL-RAIN2
	0.0,2014-12-05 03:00:06,(120.820761, 18.139778),ILOCOS_NORTE-LGU_CARASI-RAIN2
	0.0,2014-12-05 02:30:06,(124.374583, 10.637860999999999),CEBU-SAN_FRANCISCO-RAIN2
	0.0,2014-12-05 03:00:06,(122.26912, 13.83704),QUEZON-BRGY._VILLAHERMOSA-RAIN2
	0.0,2014-12-05 02:30:06,(120.85700900000001, 16.853701999999998),MOUNTAIN_PROVINCE-BAUKO-RAIN2
	0.0,2014-12-05 03:15:07,(120.79345000000001, 16.857240000000001),BENGUET-MANKAYAN-RAIN2
	0.0,2014-12-05 03:00:06,(123.17195719999999, 13.6467765),CAMARINES_SUR-BRGY_DINAGA-RAIN2
	0.0,2014-12-05 02:45:07,(124.561722, 7.3832599999999999),COTABATO-ALAMADA-RAIN2
	0.0,2014-12-05 02:30:06,(126.00091, 8.3828200000000006),AGUSAN_DEL_SUR-ROSARIO_MUNICIPAL_HALL-RAIN2
	0.0,2014-12-05 03:00:06,(121.997, 18.261333),CAGAYAN-GONZAGA_PUBLIC_MARKET-RAIN2
	0.0,2014-12-05 03:00:10,(122.956867, 14.109567),CAMARINES_NORTE-CAMARINES_NORTE_STATE_COLLEGES-RAIN2
	0.0,2014-12-05 03:15:07,(126.448367, 7.0452469999999998),DAVAO_ORIENTAL-TARRAGONA-RAIN2
	0.0,2014-12-05 02:45:06,(124.904556, 6.9067410000000002),COTABATO-M%27LANG-RAIN2
	0.0,2014-12-05 03:15:09,(125.13252799999999, 8.1523610000000009),BUKIDNON-PAGASA_MALAYBALAY_STATION-RAIN2
	0.0,2014-12-05 02:45:06,(124.970388, 10.3539444),SOUTHERN_LEYTE-BONTOC-RAIN2
	0.0,2014-12-05 03:20:00,(121.222047, 14.639419),RIZAL-BOSO_BOSO-RAIN1
	0.0,2014-12-05 03:00:07,(125.45303, 11.81493),EASTERN_SAMAR-SULAT_PUBLIC_PLAZA-RAIN2
	0.2,2014-12-05 02:45:07,(121.293333, 16.316389000000001),NUEVA_VIZCAYA-KASIBU_MUNICIPAL_HALL-RAIN2
	0.5,2014-12-05 03:00:12,(121.3462, 17.8459),CAGAYAN-RIZAL_MUNICIPAL_HALL-RAIN2
	0.0,2014-12-05 03:15:08,(121.002, 6.0542499999999997),SULU-JOLO_MUNICIPAL_HALL-RAIN1
	0.0,2014-12-05 03:00:07,(125.24758, 12.15728),EASTERN_SAMAR-MASLOG-RAIN2
	0.0,2014-12-05 02:30:06,(125.741136, 11.033358),EASTERN_SAMAR-GUIUAN_MUNICIPAL_HALL-RAIN2
	0.0,2014-12-05 02:45:07,(125.050214, 7.8484309999999997),BUKIDNON-PHILRICE_FIELD_OFFICE%2c_MUSUAN-RAIN2
	0.0,2014-12-05 02:45:07,(120.99284, 14.684810000000001),METRO_MANILA-GEN._T._DE_LEON-RAIN2
	0.0,2014-12-05 02:30:06,(124.133, 10.066000000000001),BOHOL-BUENAVISTA__MUNICIPAL_HALL-RAIN2
	0.0,2014-12-05 03:00:06,(125.7394, 8.6282999999999994),AGUSAN_DEL_SUR-DON_FLAVIA-RAIN2
	0.0,2014-12-05 02:45:06,(122.903544, 9.9655559999999994),NEGROS_OCCIDENTAL-BRGY._TANAWAN-RAIN2
	0.0,2014-12-05 02:45:09,(120.249, 11.864000000000001),PALAWAN-CORON-VAISALA
	0.0,2014-12-05 03:00:07,(124.997472, 11.039583),LEYTE-SAN_VICENTE-RAIN2
	0.0,2014-12-05 03:15:08,(121.65644399999999, 16.279361000000002),QUIRINO-MADDELA_INSTITUTE_OF_TECHNOLOGY-RAIN1
	0.0,2014-12-05 02:45:07,(121.19260300000001, 16.522780999999998),NUEVA_VIZCAYA-SOLANO-RAIN2
	0.0,2014-12-05 02:30:10,(123.310889, 9.5696940000000001),CEBU-BRGY._POBLACION-RAIN2
	0.0,2014-12-05 03:00:09,(123.34657319999999, 8.5838991999999994),ZAMBOANGA_DEL_NORTE-CITY_AGRICULTURE_OFFICE-VAISALA
	0.0,2014-12-05 03:00:06,(122.13724499999999, 7.132498),ZAMBOANGA_CITY-BUNGIAO-RAIN2
	0.0,2014-12-05 03:15:09,(120.47505, 17.368200000000002),ILOCOS_SUR-ISPSC-VAISALA
	0.4,2014-12-05 03:00:02,(123.07899999999999, 10.6614),NEGROS_OCCIDENTAL-ALANGILAN-RAIN1
	0.0,2014-12-05 02:45:06,(121.12137, 16.784210000000002),IFUGAO-LAMUT-RAIN2
	0.0,2014-12-05 03:00:07,(126.53924499999999, 7.2103149999999996),DAVAO_ORIENTAL-MANAY-RAIN2
	0.0,2014-12-05 03:15:09,(122.648033, 10.698267),GUIMARAS-BUENAVISTA_MUNICIPAL_HALL-RAIN2
	0.0,2014-12-05 03:15:08,(122.447136, 10.897453000000001),ILOILO-MAASIN-RAIN1
	0.0,2014-12-05 02:45:29,(121.77862, 17.303699999999999),ISABELA-SANTA_MARIA_MUNICIPAL_GROUNDS-RAIN2
	0.0,2014-12-05 03:00:06,(121.00273, 14.724270000000001),METRO_MANILA-BAGBAGUIN-RAIN2
	0.0,2014-12-05 03:00:06,(125.12614499999999, 7.1045509999999998),COTABATO-MAGPET-RAIN2
	0.0,2014-12-05 02:45:06,(120.66123, 16.660329999999998),BENGUET-KIBUNGAN-RAIN2
	0.0,2014-12-05 02:56:07,(124.28873299999999, 13.939567),CATANDUANES-BRGY._J.M._ALBERTO-RAIN2
	0.0,2014-12-05 03:00:09,(121.905817, 11.872883),AKLAN-KABULIHAN_SANITARY_LANDFILL%2c_BRGY._KABULIHAN-VAISALA
	0.0,2014-12-05 03:00:06,(125.111389, 7.7156370000000001),BUKIDNON-QUEZON_MUNICIPAL_HALL-RAIN2
	0.6,2014-12-05 02:45:07,(121.084333, 18.606999999999999),CAGAYAN-CLAVERIA_GRASSROOTS_COOPERATIVE_BANK-RAIN2
	0.0,2014-12-05 02:30:07,(123.717417, 11.263278),CEBU-BRGY._BUNAKAN-RAIN2
	0.0,2014-12-05 03:00:07,(124.961296, 6.68485),SULTAN_KUDARAT-COLUMBIO-RAIN2
	0.0,2014-12-05 02:45:06,(125.40161999999999, 9.6185600000000004),SURIGAO_DEL_NORTE-MALIMONO-RAIN2
	0.0,2014-12-05 03:15:06,(121.47987999999999, 17.787379999999999),CAGAYAN-LGU_PIAT_COMMERCIAL_BUILDING-RAIN2
	0.0,2014-12-05 02:45:07,(125.00570999999999, 8.3026900000000001),AGUSAN_DEL_SUR-BAYUGAN_III_NATIONAL_HIGH_SCHOOL-RAIN2
	0.0,2014-12-05 02:45:08,(121.235467, 14.5174),RIZAL-UNIVERSITY_OF_RIZAL_SYSTEM-RAIN1
	0.0,2014-12-05 02:30:07,(124.827585, 8.7701829999999994),MISAMIS_ORIENTAL-QUEZON-RAIN2
	0.0,2014-12-05 03:00:07,(121.11377, 14.31446),LAGUNA-STA._ROSA-RAIN2
	0.0,2014-12-05 02:45:07,(123.58833300000001, 10.280443999999999),CEBU-PINAMUNGAJAN-RAIN2
	0.0,2014-12-05 02:30:07,(121.130421, 16.909669999999998),IFUGAO-BANGAAN-RAIN2
	0.0,2014-12-05 02:45:12,(123.30019, 10.95721),NEGROS_OCCIDENTAL-CITY_AGRICULTURE_OFFICE-RAIN2
	0.0,2014-12-05 03:00:10,(123.927306, 10.360944),CEBU-CTU_DAANBANTAYAN_CAMPUS-RAIN2
	0.0,2014-12-05 03:30:09,(121.03351000000001, 17.066343),MOUNTAIN_PROVINCE-GOVERNMENT_CENTER-RAIN2
	0.0,2014-12-05 03:00:10,(125.528716, 9.6598000000000006),SURIGAO_DEL_NORTE-SISON_ELEMENTARY_SCHOOL-RAIN2
	0.0,2014-12-05 03:00:06,(122.75047000000001, 10.979240000000001),ILOILO-ANILAO-RAIN2
	0.0,2014-12-05 03:00:09,(124.01441699999999, 10.718667),CEBU-CATMON_SEASIDE_PARK_FLORES-RAIN2
	0.0,2014-12-05 03:00:08,(123.486, 8.0967000000000002),ZAMBOANGA_DEL_SUR-DIPOLO-VAISALA
	0.0,2014-12-05 03:15:06,(124.563458, 6.5330519999999996),SULTAN_KUDARAT-BAGUMBAYAN-RAIN2
	0.0,2014-12-05 02:30:06,(121.46605, 12.568483000000001),ORIENTAL_MINDORO-STA._MARIA-RAIN2
	0.0,2014-12-05 02:45:06,(121.39124, 14.111039999999999),LAGUNA-RIZAL-RAIN2
	0.0,2014-12-05 03:00:06,(121.019722, 15.663055999999999),NUEVA_ECIJA-LLANERA_TOWN_HALL-RAIN2
	0.0,2014-12-05 02:45:06,(120.546333, 16.050750000000001),PANGASINAN-LAOAC_POBLACION-RAIN2
	0.0,2014-12-05 03:00:06,(123.883056, 9.8952779999999994),BOHOL-BISU-CALAPE_CAMPUST-RAIN2
	0.0,2014-12-05 02:30:06,(123.713306, 10.505027999999999),CEBU-BALAMBAN_MUNICIPAL_HALL-RAIN2
	0.0,2014-12-05 02:45:06,(121.860556, 13.334721999999999),MARINDUQUE-TIGUION_NATIONAL_HIGH_SCHOOL-RAIN2
	0.0,2014-12-05 03:00:32,(119.920194, 16.256819),PANGASINAN-PACIFIC_FARMS_INC-RAIN2
	0.0,2014-12-05 03:00:07,(120.71764, 14.170019999999999),CAVITE-MAGALLANES-RAIN2
	0.0,2014-12-05 02:45:07,(123.4128537, 13.4199745),CAMARINES_SUR-IRIGA-RAIN2
	0.0,2014-12-05 03:30:02,(122.98699999999999, 10.669700000000001),NEGROS_OCCIDENTAL-ESTEFANIA-RAIN1
	0.0,2014-12-05 02:45:09,(125.59641000000001, 8.9591700000000003),AGUSAN_DEL_NORTE-CARAGA_STATE_UNIVERSITY-RAIN2
	0.0,2014-12-05 02:52:07,(120.35686, 16.0092),PANGASINAN-POBLACION-CALASIO-RAIN2
	0.0,2014-12-05 02:30:09,(121.09138900000001, 16.283888999999999),NUEVA_VIZCAYA-DUPAX_DEL_SUR_MUNICIPAL_HALL-RAIN2
	0.0,2014-12-05 03:00:10,(124.6399428, 8.4914661999999996),MISAMIS_ORIENTAL-CITY_ENGINEERS_COMPOUND-RAIN2
	0.0,2014-12-05 03:00:07,(121.234167, 18.559833000000001),CAGAYAN-SANCHEZ_MIRA_MUNICIPAL_HALL-RAIN2
	0.8,2014-12-05 03:00:06,(120.990556, 18.563611000000002),CAGAYAN-STA._PRAXEDES-RAIN2
	0.0,2014-12-05 03:00:07,(121.025633, 5.9330170000000004),SULU-MAIMBONG_MUNICIPAL_HALL-RAIN2
	0.0,2014-12-05 02:30:07,(123.76025, 10.206917000000001),CEBU-NAGA_CITY_HALL-RAIN2
	0.0,2014-12-05 02:30:06,(123.872389, 10.822528),CEBU-TABUELAN_MUNICIPAL_HALL-RAIN2
	0.0,2014-12-05 02:45:07,(121.35666999999999, 14.2014),LAGUNA-VICTORIA-RAIN2
	0.0,2014-12-05 03:15:10,(122.468225, 10.786642000000001),ILOILO-SAN_MIGUEL-RAIN2
	0.0,2014-12-05 03:00:06,(121.054196, 17.585177999999999),ABRA-MALIBCONG-RAIN2
	0.0,2014-12-05 02:45:07,(120.86279999999999, 14.01604),BATANGAS-BRGY._MAYASANG-RAIN2
	0.0,2014-12-05 03:00:06,(125.689365, 7.4484159999999999),DAVAO_DEL_NORTE-BE_DUJALI-RAIN2
	0.0,2014-12-05 02:45:06,(124.34231699999999, 7.8407499999999999),LANAO_DEL_SUR-BRGY_BANSAYAN-RAIN2
	0.0,2014-12-05 02:45:10,(121.50039, 14.24685),LAGUNA-CAVINTI-RAIN2
	0.0,2014-12-05 03:00:06,(121.28579999999999, 14.55369),RIZAL-BARAS-RAIN2
	0.0,2014-12-05 03:00:08,(125.097478, 6.0554249999999996),GENERAL_SANTOS_CITY-GENERAL_SANTOS_AIRPORT-VAISALA
	0.0,2014-12-05 03:00:06,(125.050777, 10.2958777),SOUTHERN_LEYTE-LIBAGON_-_MUNICIPAL_PLAZA-RAIN2
	0.0,2014-12-05 02:30:06,(121.1044662, 15.705459100000001),NUEVA_ECIJA-RIZAL_TOWN_HALL-RAIN2
	0.0,2014-12-05 02:45:06,(121.90866699999999, 18.249832999999999),CAGAYAN-STA._TERESITA_MUNICIPAL_HALL-RAIN2
	0.0,2014-12-05 03:00:06,(125.13361, 7.60731),BUKIDNON-PALACAPAO-RAIN2
	0.0,2014-12-05 03:00:15,(122.09693, 11.7217),ANTIQUE-PANDAN-RAIN2
	0.0,2014-12-05 02:45:06,(121.926033, 10.430517),ANTIQUE-ANINI-Y-RAIN2
	0.0,2014-12-05 03:00:06,(120.702208, 15.024635999999999),PAMPANGA-SAN_FERNANDO_MOTOR_POOL-RAIN2
	0.0,2014-12-05 02:30:06,(120.592778, 15.34625),TARLAC-CAPAS_MUNICIPAL_HALL-RAIN2
	0.0,2014-12-05 03:00:07,(126.15852099999999, 7.5132099999999999),COMPOSTELA_VALLEY-BRGY._ANDAP-RAIN2
	0.0,2014-12-05 03:00:06,(124.38333299999999, 10.133333),BOHOL-BIEN_UNIDO-RAIN2
	0.0,2014-12-05 03:15:08,(125.65000000000001, 5.9166670000000003),DAVAO_DEL_SUR-JOSE_ABAD_SANTOS-VAISALA
	0.0,2014-12-05 03:00:08,(125.02497200000001, 11.225417),LEYTE-PAGASA_TACLOBAN_STATION-VAISALA
	0.0,2014-12-05 02:30:06,(122.76843100000001, 11.352636),CAPIZ-BRGY._TAPULANG-RAIN2
	0.4,2014-12-05 03:15:06,(121.913472, 16.839086000000002),ISABELA-BRGY._VILLA_CONCEPCION-RAIN2
	0.4,2014-12-05 03:00:06,(121.099006, 16.852347000000002),IFUGAO-HINGYON-RAIN2

#####
TYPE=air_temperature
DATA:25
	val,timestamp,lng,lat,csv_id
	25.1,2014-12-05 03:00:08,(119.517, 11.272),PALAWAN-JTFM_VILLA_LIBERTAD-VAISALA
	25.8,2014-12-05 03:15:09,(121.05226999999999, 14.489660000000001),METRO_MANILA-DOST_BICUTAN-VAISALA
	25.2,2014-12-05 03:15:08,(119.968, 15.327),ZAMBALES-PAGASA_IBA_STATION-VAISALA
	25.0,2014-12-05 03:30:08,(123.43688899999999, 13.2995),ALBAY-LIBON-VAISALA
	26.6,2014-12-05 03:00:08,(123.68005599999999, 13.456861),ALBAY-SAN_RAFAEL_ST.-VAISALA
	26.8,2014-12-05 02:30:08,(123.700389, 13.884499999999999),CAMARINES_SUR-GARCHITORENA_MUNICIPAL_GROUNDS-VAISALA
	24.0,2014-12-05 03:15:08,(121.37649999999999, 15.4077),AURORA-DINGALAN_CENTRAL_SCHOOL-VAISALA
	25.4,2014-12-05 02:45:09,(120.249, 11.864000000000001),PALAWAN-CORON-VAISALA
	26.3,2014-12-05 03:15:09,(120.47505, 17.368200000000002),ILOCOS_SUR-ISPSC-VAISALA
	27.2,2014-12-05 03:00:08,(122.3676, 11.697217),AKLAN-KALIBO_CAPITOL_PLAZA-VAISALA
	24.2,2014-12-05 02:45:08,(121.9534, 16.140000000000001),AURORA-DINALUNGAN_NATIONAL_HIGH_SCHOOL-VAISALA
	24.3,2014-12-05 04:30:05,(122.5793, 10.772266999999999),ILOILO-JARO-VAISALA
	22.9,2014-12-05 03:00:08,(125.097478, 6.0554249999999996),GENERAL_SANTOS_CITY-GENERAL_SANTOS_AIRPORT-VAISALA
	23.7,2014-12-05 03:00:09,(123.34657319999999, 8.5838991999999994),ZAMBOANGA_DEL_NORTE-CITY_AGRICULTURE_OFFICE-VAISALA
	21.3,2014-12-05 03:15:08,(121.923, 7.008),ZAMBOANGA_CITY-WMSU_COMPOUND-VAISALA
	25.4,2014-12-05 02:45:08,(121.59656699999999, 14.168583),QUEZON-BRGY._LITA-VAISALA
	26.2,2014-12-05 02:45:09,(122.33888899999999, 14.696847),QUEZON-BRGY._TALISOY-VAISALA
	24.0,2014-12-05 03:00:08,(124.235167, 7.196167),COTABATO-PEOPLE%27S_PALACE_GROUNDS-VAISALA
	25.9,2014-12-05 03:15:08,(123.41116700000001, 10.877722),NEGROS_OCCIDENTAL-NEW_GOVERNMENT_CENTER-VAISALA
	25.0,2014-12-05 03:00:02,(122.97199999999999, 10.589),NEGROS_OCCIDENTAL-FELISA-VAISALA
	26.3,2014-12-05 03:00:09,(123.980222, 10.322383),CEBU-PAGASA_MACTAN_STATION-VAISALA
	26.5,2014-12-05 03:00:09,(123.43558299999999, 10.510249999999999),NEGROS_OCCIDENTAL-BRGY._PUNAO-VAISALA
	25.3,2014-12-05 03:00:09,(121.905817, 11.872883),AKLAN-KABULIHAN_SANITARY_LANDFILL%2c_BRGY._KABULIHAN-VAISALA
	23.6,2014-12-05 03:15:08,(125.65000000000001, 5.9166670000000003),DAVAO_DEL_SUR-JOSE_ABAD_SANTOS-VAISALA
	25.9,2014-12-05 03:00:08,(125.02497200000001, 11.225417),LEYTE-PAGASA_TACLOBAN_STATION-VAISALA

#####
TYPE=air_pressure
DATA:464
	val,timestamp,lng,lat,csv_id
	1001.7125,2014-12-05 02:45:07,(125.7514, 8.7129999999999992),AGUSAN_DEL_SUR-BAYUGAN_CITY_HALL-RAIN2
	905.4625,2014-12-05 02:30:06,(121.27986, 17.10895),MOUNTAIN_PROVINCE-NATONIN-RAIN2
	995.73,2014-12-05 02:30:06,(125.508039, 7.0812429999999997),DAVAO_ORIENTAL-PSHS-SMC_2-RAIN2
	1007.2275,2014-12-05 03:00:07,(126.448292, 7.7910300000000001),DAVAO_ORIENTAL-CATEEL-RAIN2
	995.9825,2014-12-05 03:00:07,(121.487043, 16.922825),IFUGAO-ALFONSO_LISTA-RAIN2
	984.4925,2014-12-05 02:30:09,(122.803533, 9.7876779999999997),NEGROS_OCCIDENTAL-BRGY._TABUGON-RAIN2
	1006.4875,2014-12-05 02:45:10,(123.283333, 8.4333329999999993),ZAMBOANGA_DEL_NORTE-KATIPUNAN-RAIN2
	1003.3491,2014-12-05 03:15:08,(123.41116700000001, 10.877722),NEGROS_OCCIDENTAL-NEW_GOVERNMENT_CENTER-VAISALA
	985.9575,2014-12-05 02:45:10,(121.369167, 16.660556),NUEVA_VIZCAYA-DIADI-RAIN2
	1005.2975,2014-12-05 03:00:09,(121.043992, 14.645336),METRO_MANILA-SCIENCE_GARDEN_PAGASA-RAIN2
	932.415,2014-12-05 03:00:07,(124.894829, 7.8107350000000002),BUKIDNON-KUYA-RAIN2
	1012.0575,2014-12-05 02:45:06,(121.737222, 17.752222),CAGAYAN-IGUIG_MUNICIPAL_HALL-RAIN2
	1005.0625,2014-12-05 03:00:07,(124.537859, 11.655725),BILIRAN-CULABA_MUNICIPAL_GROUND-RAIN2
	896.1025,2014-12-05 02:30:07,(121.06029100000001, 16.914323),IFUGAO-BANAUE-RAIN2
	1005.1825,2014-12-05 02:45:07,(121.0403, 14.58136),METRO_MANILA-NATIONAL_CENTER_FOR_MENTAL_HEALTH-RAIN2
	868.365,2014-12-05 03:00:06,(120.82207, 16.996120000000001),MOUNTAIN_PROVINCE-TADIAN-RAIN2
	1002.7275,2014-12-05 02:30:07,(125.47019899999999, 6.5553129999999999),DAVAO_DEL_SUR-STA.MARIA_MUNICIPAL_HALL-RAIN2
	1009.545,2014-12-05 03:00:07,(123.648139, 9.2752809999999997),SIQUIJOR-POBLACION%2c_ENRIQUE_VILLANUEVA-RAIN2
	1003.0325,2014-12-05 03:00:09,(124.84694399999999, 11.206944),LEYTE-MUNICIPAL_GROUNDS_ALANG-ALANG-RAIN2
	915.395,2014-12-05 02:45:06,(121.026382, 17.168151999999999),MOUNTAIN_PROVINCE-SADANGA-RAIN2
	1005.4025,2014-12-05 03:15:10,(123.768333, 7.9138890000000002),LANAO_DEL_NORTE-KAPATAGAN-RAIN2
	1007.4225,2014-12-05 03:00:10,(121.754, 17.652000000000001),CAGAYAN-DOST_RO_2-RAIN2
	1005.125,2014-12-05 03:00:06,(123.26608299999999, 9.3501999999999992),NEGROS_ORIENTAL-SITIO_PANCIL-RAIN2
	1009.1,2014-12-05 03:00:08,(121.31559, 14.47678),RIZAL-PILILIA-RAIN2
	1003.4725,2014-12-05 02:45:07,(126.010649, 6.967352),DAVAO_ORIENTAL-BANAY-BANAY-RAIN2
	1006.9175,2014-12-05 02:30:12,(123.493037, 10.833076),NEGROS_OCCIDENTAL-ESCALANTE_CITY_BUS_TERMINAL-RAIN2
	957.2325,2014-12-05 02:45:06,(120.926444, 17.458971999999999),ABRA-DAGUIOMAN-RAIN2
	1007.695,2014-12-05 02:45:09,(122.65816700000001, 9.4135829999999991),NEGROS_ORIENTAL-BASAY_NATIONAL_HIGH_SCHOOL-RAIN2
	999.4175,2014-12-05 03:00:07,(124.87555, 8.9951369999999997),MISAMIS_ORIENTAL-MINTABON-RAIN2
	1010.63,2014-12-05 03:00:06,(121.34050000000001, 18.463833000000001),CAGAYAN-PAMPLONA_MUNICIPAL_HALL-RAIN2
	970.6575,2014-12-05 03:30:10,(121.947311, 13.364229),MARINDUQUE-PSTC_MARINDUQUE-RAIN2
	1004.8925,2014-12-05 03:00:10,(121.904518, 6.6621829999999997),BASILAN-BRGY._ATONG-ATONG-RAIN2
	915.6125,2014-12-05 03:15:06,(121.3263, 16.97871),IFUGAO-AGUINALDO-RAIN2
	999.9025,2014-12-05 03:00:06,(126.565397, 7.3284050000000001),DAVAO_ORIENTAL-CARAGA-RAIN2
	933.9925,2014-12-05 03:00:07,(124.321944, 6.4594440000000004),SULTAN_KUDARAT-SEN._NINOY_AQUINO-RAIN2
	1011.475,2014-12-05 03:00:10,(121.68305599999999, 18.268056000000001),CAGAYAN-CAMALANIUGAN-RAIN2
	1006.405,2014-12-05 03:00:07,(120.366867, 16.322900000000001),LA_UNION-AGOO-RAIN2
	1008.215,2014-12-05 02:45:07,(120.95533, 13.49865),ORIENTAL_MINDORO-POBLACION_PUERTO-RAIN2
	899.7875,2014-12-05 02:45:06,(121.056704, 16.768173000000001),IFUGAO-ASIPULO-RAIN2
	962.74,2014-12-05 02:45:06,(121.10675000000001, 16.503541999999999),NUEVA_VIZCAYA-PHILIPPINE_SCIENCE_HIGHSCHOOL_-_CAGAYAN_VALLEY_CAMPUS-RAIN2
	981.185,2014-12-05 03:00:06,(125.128624, 7.3525840000000002),COTABATO-ARAKAN-RAIN2
	1008.33,2014-12-05 03:00:12,(123.039317, 10.819117),NEGROS_OCCIDENTAL-E._LOPEZ-RAIN2
	1007.4125,2014-12-05 02:30:06,(125.44185, 12.14114),EASTERN_SAMAR-ORAS-RAIN2
	992.8184,2014-12-05 02:45:08,(121.59656699999999, 14.168583),QUEZON-BRGY._LITA-VAISALA
	1010.3325,2014-12-05 03:00:06,(120.91706000000001, 13.505682999999999),ORIENTAL_MINDORO-SAN_ISIDRO-RAIN2
	1012.335,2014-12-05 02:30:09,(121.555117, 18.226111),CAGAYAN-ALLACAPAN-RAIN2
	1007.7875,2014-12-05 03:22:10,(120.596349, 15.475479),TARLAC-BRGY._CENTRAL_AZUCARERA_DE_TARLAC-RAIN2
	883.6625,2014-12-05 02:45:07,(121.027128, 16.527343999999999),NUEVA_VIZCAYA-AMBAGUIO_MUNICIPAL_HALL-RAIN2
	919.725,2014-12-05 03:14:06,(123.456056, 9.8158890000000003),CEBU-MANTALONGON-RAIN2
	1001.865,2014-12-05 03:00:07,(124.901352, 7.0828800000000003),COTABATO-MATALAM-RAIN2
	999.1925,2014-12-05 02:45:06,(121.527306, 16.511693999999999),QUIRINO-CABARROGUIS-RAIN2
	1008.0146,2014-12-05 03:00:09,(123.43558299999999, 10.510249999999999),NEGROS_OCCIDENTAL-BRGY._PUNAO-VAISALA
	1007.2875,2014-12-05 02:45:09,(124.33027800000001, 12.534722),NORTHERN_SAMAR-LAVEZARES_MUNICIPAL_GROUNDS-RAIN2
	1006.6125,2014-12-05 03:00:10,(125.731472, 9.5748060000000006),SURIGAO_DEL_NORTE-CLAVER_MUNICIPAL_HALL_COMPOUND-RAIN2
	895.3975,2014-12-05 02:45:07,(124.961061, 8.2211730000000003),BUKIDNON-SAN_JUAN-RAIN2
	1003.5,2014-12-05 02:45:07,(124.38805000000001, 11.611076000000001),BILIRAN-ALMERIA_CENTRAL_SCHOOL-RAIN2
	1016.51,2014-12-05 02:45:36,(121.91462, 20.367260000000002),BATANES-IVANA_MUNICIPAL_HALL-RAIN2
	945.4425,2014-12-05 02:45:06,(124.82294400000001, 8.8648889999999998),MISAMIS_ORIENTAL-GUINALABAN-RAIN2
	1009.2143,2014-12-05 03:00:08,(119.517, 11.272),PALAWAN-JTFM_VILLA_LIBERTAD-VAISALA
	1005.7225,2014-12-05 03:00:07,(124.53, 9.8397222200000005),BOHOL-BISU-COGTONG%2c_CANDIJAY_CAMPUS-RAIN2
	955.74,2014-12-05 03:00:10,(124.164886, 7.0288560000000002),MAGUINDANAO-UPI_MOTOR_POOL-RAIN2
	1009.7475,2014-12-05 03:15:08,(119.968, 15.327),ZAMBALES-PAGASA_IBA_STATION-VAISALA
	1005.6725,2014-12-05 02:45:11,(120.98349, 14.66315),METRO_MANILA-POTRERO_ELEMENTARY_SCHOOL-RAIN2
	946.685,2014-12-05 03:00:10,(123.273833, 10.392167000000001),NEGROS_ORIENTAL-BRGY._MAGLAHOS-RAIN2
	976.9925,2014-12-05 03:00:07,(121.20902, 13.687530000000001),BATANGAS-LOBO-RAIN2
	981.5025,2014-12-05 03:15:10,(124.234542, 8.2298819999999999),LANAO_DEL_NORTE-ABUNO-RAIN2
	980.4175,2014-12-05 03:00:07,(121.403552, 17.181080000000001),MOUNTAIN_PROVINCE-PARACELIS-RAIN2
	1005.02,2014-12-05 02:45:06,(126.02515, 8.4780300000000004),AGUSAN_DEL_SUR-ALEGRIA-RAIN2
	1000.92,2014-12-05 02:45:06,(126.17, 8.8833330000000004),SURIGAO_DEL_SUR-TINA-RAIN2
	992.8,2014-12-05 02:45:07,(125.052254, 7.1570499999999999),COTABATO-PRESIDENT_ROXAS-RAIN2
	1011.0805,2014-12-05 02:45:08,(121.9534, 16.140000000000001),AURORA-DINALUNGAN_NATIONAL_HIGH_SCHOOL-VAISALA
	1007.2675,2014-12-05 02:45:06,(120.93244, 14.050330000000001),BATANGAS-LAUREL-RAIN2
	872.405,2014-12-05 03:15:10,(120.596007, 16.402332999999999),BENGUET-IRISAN-RAIN2
	954.76,2014-12-05 03:00:06,(125.403362, 7.1721219999999999),DAVAO_CITY-BAGUIO_DISTRICT-RAIN2
	1000.8875,2014-12-05 03:00:07,(120.513806, 16.983639),ILOCOS_SUR-SUYO_MUNICIPAL_OFFICE-RAIN2
	1005.7,2014-12-05 02:45:10,(123.885775, 12.014722000000001),MASBATE-LGU_AROROY-RAIN2
	1009.2143,2014-12-05 02:45:09,(122.33888899999999, 14.696847),QUEZON-BRGY._TALISOY-VAISALA
	1007.2148,2014-12-05 03:30:08,(123.43688899999999, 13.2995),ALBAY-LIBON-VAISALA
	1012.1,2014-12-05 03:00:06,(121.578667, 18.127500000000001),CAGAYAN-LASAM_MUNICIPAL_HALL-RAIN2
	1005.6152,2014-12-05 03:00:09,(123.980222, 10.322383),CEBU-PAGASA_MACTAN_STATION-VAISALA
	1001.92,2014-12-05 03:15:07,(125.5856, 9.6044),SURIGAO_DEL_NORTE-MAINIT_MUNICIPAL_HALL-RAIN2
	976.395,2014-12-05 02:30:26,(123.775013, 8.3142549999999993),MISAMIS_OCCIDENTAL-SETI-RAIN2
	928.3075,2014-12-05 02:45:33,(123.8905, 10.5787),NEGROS_OCCIDENTAL-DRRMO-RAIN2
	1009.125,2014-12-05 03:00:07,(125.37273, 12.26511),EASTERN_SAMAR-ARTECHE-RAIN2
	1008.0875,2014-12-05 02:45:09,(123.20058299999999, 9.9781329999999997),NEGROS_ORIENTAL-BRGY._POBLACION__JIMALALUD-RAIN2
	1005.8775,2014-12-05 02:45:09,(124.006, 10.4605),CEBU-COMPOSTELA_SCIENCE_AND_TECHNOLOGY_HIGH_SCHOOL-RAIN2
	909.7125,2014-12-05 03:00:06,(120.830524, 16.491353),BENGUET-BOKOD-RAIN2
	1000.73,2014-12-05 02:30:11,(121.56343, 16.540240000000001),QUIRINO-SAGUDAY_MUNICIPAL_HALL-RAIN2
	960.8825,2014-12-05 02:45:06,(120.94500499999999, 17.664121999999999),ABRA-LACUB-RAIN2
	1002.9,2014-12-05 02:50:07,(120.54549, 16.110379999999999),PANGASINAN-POBLACION%2c_POZORRUBIO-RAIN2
	1001.975,2014-12-05 03:00:07,(126.12321, 8.1209299999999995),AGUSAN_DEL_SUR-MANAT_ELEM._SCHOOL-RAIN2
	975.06,2014-12-05 03:00:07,(125.091103, 7.0085329999999999),COTABATO-KIDAPAWAN-RAIN2
	1000.2775,2014-12-05 02:30:06,(120.70594199999999, 17.719902000000001),ABRA-LAGAYAN-RAIN2
	1007.165,2014-12-05 03:15:10,(125.170874, 10.334621),SOUTHERN_LEYTE-PSTC_SOUTHERN_LEYTE-RAIN2
	994.8,2014-12-05 02:45:07,(125.508112, 7.0841329999999996),DAVAO_CITY-PSHS-SMC_MINTAL-RAIN2
	1007.3725,2014-12-05 03:00:09,(124.28832199999999, 12.502447),NORTHERN_SAMAR-ALLEN_BUS_TERMINAL-RAIN2
	987.5475,2014-12-05 02:45:09,(122.495356, 11.115764),ILOILO-WEST_VISAYAS_STATE_UNIVERSITY-RAIN2
	1006.075,2014-12-05 03:00:10,(122.559899, 12.41276),ROMBLON-SAN_FERNANDO-RAIN2
	1004.7675,2014-12-05 02:45:06,(121.431817, 12.793200000000001),ORIENTAL_MINDORO-BRGY_VILLA_PAG-ASA-RAIN2
	1006.72,2014-12-05 03:00:07,(121.64570000000001, 18.061820000000001),CAGAYAN-PNP_BUILDING-RAIN2
	1009.865,2014-12-05 02:45:10,(121.407417, 14.255167),LAGUNA-BRGY._BUBUKAL-RAIN2
	1008.0625,2014-12-05 02:45:06,(125.69779, 9.5957699999999999),SURIGAO_DEL_NORTE-GIGAQUIT-RAIN2
	1003.7075,2014-12-05 03:00:15,(121.837936, 20.783563999999998),BATANES-ITBAYAT-RAIN2
	1009.375,2014-12-05 02:45:06,(121.433333, 18.283332999999999),APAYAO-STA._MARCELA-RAIN2
	1001.9625,2014-12-05 03:15:07,(124.9075, 10.974444),LEYTE-NIA_DAM-RAIN2
	1010.0575,2014-12-05 02:30:06,(120.590028, 15.886944),PANGASINAN-STO._TOMAS-RAIN2
	1007.3,2014-12-05 03:00:10,(123.72155600000001, 8.1571529999999992),MISAMIS_OCCIDENTAL-NMSC_COMPOUND-RAIN2
	1001.9775,2014-12-05 03:30:10,(124.784583, 9.1591109999999993),CAMIGUIN-DA_ANIMAL_BREEDING_STATION-RAIN2
	1007.4575,2014-12-05 03:00:10,(125.419528, 9.7780280000000008),SURIGAO_DEL_NORTE-SAN_FRANCISCO_MUNICIPAL_HALL_COMPOUND-RAIN2
	1007.195,2014-12-05 03:15:10,(123.596683, 12.905950000000001),SORSOGON-LGU_DONSOL-RAIN2
	1005.185,2014-12-05 02:45:07,(121.65670799999999, 16.846464000000001),ISABELA-BRGY._PINOMA-RAIN2
	1005.6475,2014-12-05 03:15:06,(125.02249999999999, 11.768889),SAMAR-PARANAS_MUNICIPAL_HALL-RAIN2
	1003.28,2014-12-05 02:45:06,(126.091894, 6.8365650000000002),DAVAO_ORIENTAL-MDRRM_OFFICE-RAIN2
	1006.3525,2014-12-05 02:45:09,(123.14872200000001, 9.7508330000000001),NEGROS_ORIENTAL-BRGY._POBLACION_-_BINDOY-RAIN2
	939.0875,2014-12-05 03:00:06,(120.85189, 14.055350000000001),BATANGAS-BRGY._DAYAP_ITAAS-RAIN2
	1005.2525,2014-12-05 03:00:09,(124.595833, 12.070278),SAMAR-NORTHWEST_SAMAR_STATE_UNIVERSITY-RAIN2
	860.655,2014-12-05 03:00:06,(120.85594399999999, 17.095139),MOUNTAIN_PROVINCE-BESAO-RAIN2
	1004.355,2014-12-05 03:15:10,(123.348615, 13.52502),CAMARINES_SUR-RAUL_S._ROCO_LIBRARY-RAIN2
	1005.475,2014-12-05 02:30:06,(120.729854, 13.44192),OCCIDENTAL_MINDORO-BALAO_ELEMENTARY_SCHOOL%2c_BALAO-RAIN2
	1003.6025,2014-12-05 02:30:06,(125.95547000000001, 8.0693000000000001),AGUSAN_DEL_SUR-VERUELA_MUNICIPAL_HALL-RAIN2
	967.88,2014-12-05 02:30:07,(124.827585, 8.7701829999999994),MISAMIS_ORIENTAL-QUEZON-RAIN2
	1001.265,2014-12-05 02:45:06,(124.586716, 7.1582559999999997),COTABATO-ALEOSAN-RAIN2
	1005.435,2014-12-05 03:15:06,(125.547453, 11.413069),EASTERN_SAMAR-LLORENTE_PUBLIC_PLAZA-RAIN2
	1006.1275,2014-12-05 02:45:10,(121.03185000000001, 14.70035),METRO_MANILA-QCPU-RAIN2
	1008.995,2014-12-05 03:00:12,(123.479226, 10.593596),NEGROS_OCCIDENTAL-CALATRAVA_MUNICIPAL_HALL-RAIN2
	872.965,2014-12-05 03:00:07,(120.727664, 16.783353000000002),BENGUET-BAKUN-RAIN2
	1004.4025,2014-12-05 03:00:10,(124.21064800000001, 13.583736),CATANDUANES-CATANDUANES_STATE_COLLEGES-RAIN2
	1008.4525,2014-12-05 02:45:11,(121.74686, 16.508019999999998),ISABELA-DELFIN_ALBANO_MUNICIPAL_GROUNDS-RAIN2
	1004.4375,2014-12-05 03:00:06,(120.958265, 14.865818000000001),BULACAN-PANDI_MUNICIPAL_HALL-RAIN2
	978.265,2014-12-05 02:45:09,(125.088982, 6.9587640000000004),COTABATO-MAKILALA-RAIN2
	1005.7075,2014-12-05 03:15:06,(126.072317, 6.6534120000000003),DAVAO_ORIENTAL-GOVERNOR_GENEROSO-RAIN2
	1004.79,2014-12-05 03:00:06,(121.00718999999999, 14.704980000000001),METRO_MANILA-MAPULANG_LUPA-RAIN2
	1003.5875,2014-12-05 03:00:06,(126.375944, 7.8698459999999999),DAVAO_ORIENTAL-BOSTON-RAIN2
	1006.7575,2014-12-05 03:30:10,(124.6667575, 12.508900499999999),NORTHERN_SAMAR-AGROMET_STATION%2c_UNIVERSITY_OF_EASTERN_PHILIPPINES%2c_CATARMAN_SAMAR-RAIN2
	1007.93,2014-12-05 03:15:07,(124.36199999999999, 9.6579999999999995),BOHOL-LUBCANAN-RAIN2
	936.945,2014-12-05 02:45:06,(124.99824, 8.2957400000000003),BUKIDNON-HEALTH_CENTER%2c_POBLACION-RAIN2
	1004.9625,2014-12-05 02:30:07,(120.65383300000001, 17.617277999999999),ABRA-TAYUM-RAIN2
	1006.5575,2014-12-05 03:00:09,(125.010389, 12.570055999999999),NORTHERN_SAMAR-LAOANG_MUNICIPAL_BUILDING-RAIN2
	982.4625,2014-12-05 03:00:09,(123.930639, 10.446306),CEBU-BRGY._PANAS-RAIN2
	958.67,2014-12-05 03:15:10,(123.50545, 8.199166),ZAMBOANGA_DEL_SUR-ARGAO-RAIN2
	1008.305,2014-12-05 03:00:07,(125.17326660000001, 10.262133),SOUTHERN_LEYTE-SAN_JUAN_-_POBLACION-RAIN2
	1014.1825,2014-12-05 03:10:07,(123.355056, 9.4267219999999998),CEBU-PASIL-RAIN2
	1006.185,2014-12-05 03:00:33,(123.0468, 10.89254),NEGROS_OCCIDENTAL-VICTORIAS_CITY_COLISEUM-RAIN2
	1004.5488,2014-12-05 03:00:02,(122.97199999999999, 10.589),NEGROS_OCCIDENTAL-FELISA-VAISALA
	1008.48,2014-12-05 02:30:11,(121.58223, 17.714067),CAGAYAN-BARANGAY_WARAT-RAIN2
	972.1875,2014-12-05 03:15:07,(120.59558199999999, 17.414892999999999),ABRA-PILAR-RAIN2
	928.32,2014-12-05 02:45:07,(121.08703, 16.77655),IFUGAO-KIANGAN_MUNICIPAL_HALL-RAIN2
	998.6875,2014-12-05 02:30:06,(126.10832000000001, 7.7059899999999999),COMPOSTELA_VALLEY-MANGAYON_ELEMENTARY_SCHOOL-RAIN2
	1005.4525,2014-12-05 02:45:06,(121.8768869, 6.5415029999999996),BASILAN-MALUSO_MUNICIPAL_HALL-RAIN2
	1002.815,2014-12-05 02:45:07,(122.65897200000001, 11.066439000000001),ILOILO-ILOILO_STATE_COLLEGE_OF_FISHERIES-RAIN2
	1001.9425,2014-12-05 03:00:06,(125.55945, 9.2415599999999998),AGUSAN_DEL_NORTE-JAGUPIT-RAIN2
	1000.155,2014-12-05 02:30:07,(124.356325, 11.678786000000001),BILIRAN-KAWAYAN-RAIN2
	997.8325,2014-12-05 02:45:06,(121.18350599999999, 18.014997999999999),APAYAO-KABUGAO-RAIN2
	931.705,2014-12-05 03:00:07,(125.009613, 7.982227),BUKIDNON-MOUNTAIN__VIEW_COLLEGE-RAIN2
	999.655,2014-12-05 03:00:11,(121.60446, 17.311699999999998),ISABELA-QUEZON_MUNICIPAL_HALL-RAIN2
	1007.4125,2014-12-05 02:45:06,(125.497281, 11.504189999999999),EASTERN_SAMAR-MAYDOLONG-RAIN2
	995.1825,2014-12-05 02:30:06,(122.859944, 9.9096030000000006),NEGROS_OCCIDENTAL-BRGY._ORINGAO-RAIN2
	986.9675,2014-12-05 02:45:06,(122.17836800000001, 7.1516770000000003),ZAMBOANGA_CITY-DULIAN-RAIN2
	1007.4275,2014-12-05 03:15:06,(121.151483, 13.206200000000001),ORIENTAL_MINDORO-BRGY_MAHABANG_PARANG-RAIN2
	1002.6425,2014-12-05 03:00:10,(122.307, 11.526),AKLAN-MADALAG_PLAZA_POBLACION-RAIN2
	1001.5675,2014-12-05 03:00:07,(120.63576399999999, 17.922075),ILOCOS_NORTE-BRGY._BINACAG-RAIN2
	976.625,2014-12-05 03:15:10,(121.458333, 17.676666000000001),IFUGAO-IFUGAO_STATE_UNIVERSITY-RAIN2
	1012.8125,2014-12-05 02:45:07,(123.826117, 10.727710999999999),CEBU-CTU_TUBURAN_CAMPUS-RAIN2
	1006.0075,2014-12-05 03:30:10,(124.719639, 5.9385830000000004),SARANGANI-KIAMBA-RAIN2
	1005.7475,2014-12-05 02:45:10,(121.06189999999999, 13.773300000000001),BATANGAS-BRGY._KUMINTANG-RAIN2
	974.54,2014-12-05 02:45:07,(122.20573, 7.2309799999999997),ZAMBOANGA_CITY-SAPA_MORO_ELEM._SCHOOL-RAIN2
	1007.61,2014-12-05 03:00:06,(123.10881000000001, 9.4622299999999999),NEGROS_ORIENTAL-NEGROS_ORIENTAL_STATE_UNIVERSITY_PAMPLONA_CAMPUS-RAIN2
	1005.38,2014-12-05 02:45:06,(125.53793, 11.245799999999999),EASTERN_SAMAR-GEN_MACARTHUR-RAIN2
	987.375,2014-12-05 02:45:07,(120.57852800000001, 17.238416999999998),ILOCOS_SUR-BRGY._CABAROAN-RAIN2
	986.74,2014-12-05 02:45:10,(124.49201100000001, 8.3498750000000008),MISAMIS_ORIENTAL-PIGSAG-AN-RAIN2
	1008.2925,2014-12-05 02:45:07,(125.066067, 11.280932999999999),SAMAR-BUSCADA-RAIN2
	1007.5375,2014-12-05 02:30:10,(124.313917, 12.447028),NORTHERN_SAMAR-PNP_CAMP-RAIN2
	1003.7775,2014-12-05 03:00:10,(124.409935, 11.564683),BILIRAN-BRGY._CALUMPANG-RAIN2
	1001.5925,2014-12-05 02:45:07,(121.34646530000001, 17.573875999999998),KALINGA-PINUKPUK-RAIN2
	974.63,2014-12-05 02:45:10,(121.303031, 15.793450999999999),NUEVA_VIZCAYA-ALFONSO_CASTANEDA-RAIN2
	1007.2775,2014-12-05 03:00:06,(122.83665000000001, 9.3532100000000007),NEGROS_ORIENTAL-NEGROS_ORIENTAL_STATE_UNIVERSITY%2c_BAYAWAN_CAMPUS-RAIN2
	1000.3575,2014-12-05 03:00:10,(122.676, 11.2517),CAPIZ-BRGY._CODINGLE-RAIN2
	949.1025,2014-12-05 03:00:10,(124.586333, 8.1856390000000001),BUKIDNON-STO._NINO-RAIN2
	891.535,2014-12-05 02:45:07,(120.88333299999999, 16.350000000000001),NUEVA_VIZCAYA-KAYAPA_MUNICIPAL_HALL-RAIN2
	1005.0025,2014-12-05 03:00:06,(124.512238, 7.2460290000000001),COTABATO-LIBUNGAN-RAIN2
	998.8725,2014-12-05 03:15:06,(126.00708, 8.6320800000000002),AGUSAN_DEL_SUR-MAGSAYSAY-RAIN2
	1003.655,2014-12-05 02:30:10,(126.28368, 8.9693500000000004),SURIGAO_DEL_SUR-BALITE-RAIN2
	970.6075,2014-12-05 02:45:09,(125.05594600000001, 7.2500109999999998),COTABATO-ANTIPAS-RAIN2
	998.03,2014-12-05 02:45:07,(123.51776700000001, 13.434983000000001),CAMARINES_SUR-BUHI-RAIN2
	888.7775,2014-12-05 02:45:10,(120.086, 7.3511110000000004),COMPOSTELA_VALLEY-PSTC_COMPOSTELA_VALLEY-RAIN2
	1009.21,2014-12-05 02:45:09,(122.924161, 11.429719),CAPIZ-PRESIDENT_ROXAS-RAIN2
	1008.0925,2014-12-05 02:45:06,(124.992333, 11.589),SAMAR-BRGY_DOLORES-RAIN2
	908.855,2014-12-05 03:00:06,(120.92966699999999, 16.132833000000002),NUEVA_VIZCAYA-DALTON_PASS-RAIN2
	1008.1479,2014-12-05 02:30:08,(123.700389, 13.884499999999999),CAMARINES_SUR-GARCHITORENA_MUNICIPAL_GROUNDS-VAISALA
	1007.595,2014-12-05 02:45:09,(124.066889, 11.701499999999999),SAMAR-HINABANGAN_MUNICIPAL_GROUNDS-RAIN2
	1005.03,2014-12-05 02:45:07,(125.14900299999999, 10.386267),SOUTHERN_LEYTE-SLSU%2c_HINUNANGAN_CAMPUS-RAIN2
	1007.0825,2014-12-05 03:15:06,(124.6024913, 6.8840627000000003),MAGUINDANAO-SULTAN_SA_BARONGIS_MUNICIPAL_COMPOUND-RAIN2
	964.555,2014-12-05 02:30:07,(125.571777, 7.631437),DAVAO_DEL_NORTE-TALAINGOD_MUNICIPAL_HALL-RAIN2
	987.0925,2014-12-05 02:45:07,(120.781047, 17.629059999999999),ABRA-LAGANGILANG-RAIN2
	848.7125,2014-12-05 03:00:08,(120.90047, 17.084510000000002),MOUNTAIN_PROVINCE-SAGADA-RAIN2
	984.6175,2014-12-05 02:45:08,(121.18683299999999, 16.590499999999999),NUEVA_VIZCAYA-VILLA_VERDE-RAIN2
	999.1925,2014-12-05 02:45:06,(125.69289999999999, 8.8193000000000001),AGUSAN_DEL_SUR-SIBAGAT_MUNICIPAL_HALL-RAIN2
	1002.1675,2014-12-05 02:45:07,(122.690417, 10.609249999999999),GUIMARAS-SAN_LORENZO_MUNICIPAL_HALL-RAIN2
	1001.3475,2014-12-05 03:00:10,(125.57691699999999, 9.4508609999999997),AGUSAN_DEL_NORTE-KITCHARAO_MUNICIPAL_HALL_COMPOUND-RAIN2
	1007.03,2014-12-05 02:30:06,(125.034333, 12.342860999999999),NORTHERN_SAMAR-CATUBIG_MUNICIPAL_BLDG.-RAIN2
	949.2425,2014-12-05 02:45:07,(121.50355, 14.115119999999999),LAGUNA-MAJAYJAY-RAIN2
	1007.2925,2014-12-05 02:45:06,(125.276, 9.9131610000000006),SOUTHERN_LEYTE-INOLLNAN-RAIN2
	956.115,2014-12-05 03:00:09,(124.699028, 8.3045390000000001),BUKIDNON-BAUNGON_POBLACION-RAIN2
	1004.2525,2014-12-05 03:15:09,(124.2135608, 7.5084330000000001),LANAO_DEL_SUR-BALABAGAN_MUNICIPAL_HALL-RAIN2
	1007.9125,2014-12-05 02:30:07,(120.07036100000001, 15.061417),ZAMBALES-SAN_FELIPE_TOWN_HALL-RAIN2
	1002.5075,2014-12-05 03:00:06,(125.8066, 8.2797999999999998),AGUSAN_DEL_SUR-PANANGAN-RAIN2
	1007.8813,2014-12-05 03:15:09,(121.05226999999999, 14.489660000000001),METRO_MANILA-DOST_BICUTAN-VAISALA
	996.5275,2014-12-05 02:45:15,(123.524111, 9.7704719999999998),CEBU-CANSAROY-RAIN2
	1004.805,2014-12-05 02:30:06,(120.115837, 13.806093000000001),OCCIDENTAL_MINDORO-LUBANG_ORGANIC_FERTILIZER_PLANT-RAIN2
	1006.44,2014-12-05 02:30:07,(120.681417, 15.575972),TARLAC-VICTORIA_MUNICIPAL_HALL-RAIN2
	1004.4775,2014-12-05 02:45:06,(124.823791, 7.1086429999999998),COTABATO-KABACAN-RAIN2
	993.7525,2014-12-05 02:30:07,(120.96346, 13.8101),BATANGAS-BARANGAY_HALL%2c_BRGY._MALINDIG-RAIN2
	1006.8825,2014-12-05 02:45:06,(121.99548, 10.91422),ANTIQUE-PATNONGON-RAIN2
	855.135,2014-12-05 03:00:07,(120.907078, 16.971457999999998),MOUNTAIN_PROVINCE-SABANGAN-RAIN2
	1001.025,2014-12-05 02:45:07,(120.69958800000001, 17.706206999999999),ABRA-LA_PAZ-RAIN2
	1005.04,2014-12-05 02:45:10,(124.32335, 8.2462859999999996),LANAO_DEL_NORTE-BRGY_DIGKILAAN-RAIN2
	999.4425,2014-12-05 03:00:10,(122.484689, 10.841672000000001),ILOILO-CABATUAN-RAIN2
	915.92,2014-12-05 02:45:06,(125.486414, 7.6339980000000001),DAVAO_DEL_NORTE-BRGY._STO_NINO-RAIN2
	1009.9775,2014-12-05 03:00:06,(120.59956099999999, 14.937932999999999),PAMPANGA-BRGY._SAN_NICOLAS-RAIN2
	1000.98,2014-12-05 03:00:09,(123.896806, 10.325944),CEBU-DOST_VII-RAIN2
	989.5,2014-12-05 03:00:06,(120.761326, 17.493452000000001),ABRA-SALLAPADAN-RAIN2
	994.6825,2014-12-05 03:00:06,(122.92007, 9.7585700000000006),NEGROS_ORIENTAL-NEGROS_ORIENTAL_STATE_UNIVERSITY%2c_MABINAY_CAMPUS-RAIN2
	912.49,2014-12-05 02:45:09,(125.035854, 8.2172859999999996),BUKIDNON-NOMIARC%2c_DALWANGAN-RAIN2
	1001.155,2014-12-05 02:45:06,(125.56975, 9.5537299999999998),SURIGAO_DEL_NORTE-TUBOD_MUNICIPAL_HALL-RAIN2
	1001.905,2014-12-05 02:30:09,(125.5998, 8.7329500000000007),AGUSAN_DEL_NORTE-MAT-I-RAIN2
	885.5675,2014-12-05 03:00:07,(124.85072, 8.2198200000000003),BUKIDNON-DAHILAYAN-RAIN2
	1010.315,2014-12-05 02:45:12,(122.05092, 10.281650000000001),NEGROS_OCCIDENTAL-BRGY._GARATO-RAIN2
	1008.65,2014-12-05 03:15:06,(121.72277800000001, 17.836110999999999),CAGAYAN-AMULUNG_MUNICIPAL_DISASTER_OPERATION_CENTER-RAIN2
	1010.0275,2014-12-05 03:00:07,(120.633527, 14.965005),PAMPANGA-PLAZA_BURGOS-RAIN2
	1009.065,2014-12-05 02:30:06,(120.413222, 16.015194000000001),PANGASINAN-MALANAY-RAIN2
	1009.145,2014-12-05 03:00:07,(121.756944, 17.649443999999999),CAGAYAN-SOLANA_MUNICIPAL_HALL-RAIN2
	991.9075,2014-12-05 02:45:07,(121.61776, 14.04466),QUEZON-BRGY._KATIGAN_KALURAN-RAIN2
	1002.7225,2014-12-05 02:45:06,(124.319433, 7.0085329999999999),MAGUINDANAO-MSU_MAGUINDANAO%2c_BFAR_AREA%2c_DOS-RAIN2
	943.98,2014-12-05 02:30:06,(122.11968299999999, 7.1079670000000004),ZAMBOANGA_CITY-CABONEGRO_REPEATER_STATION-RAIN2
	1006.38,2014-12-05 03:15:06,(121.91207, 17.885159999999999),CAGAYAN-HACIENDA_INTAL_NATL_HIGH_SCHOOL-RAIN2
	1009.5875,2014-12-05 02:30:06,(120.268806, 16.042221999999999),PANGASINAN-BINMALEY_PANGASINAN_STATE_UNIVERSITY-RAIN2
	1012.8275,2014-12-05 03:15:07,(121.938889, 20.350277999999999),BATANES-UYUGAN-RAIN2
	984.2872,2014-12-05 03:15:08,(121.37649999999999, 15.4077),AURORA-DINGALAN_CENTRAL_SCHOOL-VAISALA
	988.715,2014-12-05 02:45:06,(125.79271900000001, 7.8190650000000002),DAVAO_DEL_NORTE-LAAK_MUNICIPAL_HALL-RAIN2
	1008.1479,2014-12-05 03:00:08,(122.3676, 11.697217),AKLAN-KALIBO_CAPITOL_PLAZA-VAISALA
	1006.7075,2014-12-05 03:00:06,(124.300483, 13.9078),CATANDUANES-PANGANIBAN_MUNICIPAL_HALL-RAIN2
	984.8475,2014-12-05 03:00:06,(120.514944, 15.170944),PAMPANGA-SAPANG_BATO_BRGY_HALL-RAIN2
	1006.145,2014-12-05 02:45:10,(125.67013900000001, 7.3158060000000003),DAVAO_DEL_NORTE-PANABO-RAIN2
	1000.2675,2014-12-05 03:00:06,(120.616, 15.135999999999999),PAMPANGA-CITY_SPORTS_COMPLEX-RAIN2
	960.9,2014-12-05 02:45:06,(123.75338000000001, 8.2582909999999998),MISAMIS_OCCIDENTAL-SINUZA-RAIN2
	1007.695,2014-12-05 03:00:06,(121.02999, 14.65874),METRO_MANILA-QUEZON_CITY_SCIENCE_HIGH_SCHOOL-RAIN2
	998.3,2014-12-05 03:00:07,(124.35605, 6.9843330000000003),MAGUINDANAO-POBLACION_TALAYAN-RAIN2
	1008.005,2014-12-05 02:45:07,(125.45, 11.12049),EASTERN_SAMAR-GIPORLOS-RAIN2
	1001.1425,2014-12-05 03:00:11,(121.80949, 16.721530000000001),ISABELA-SAN_GUILLERMO_MUNICIPAL_HALL-RAIN2
	1008.46,2014-12-05 03:00:07,(120.4235, 16.894166999999999),LA_UNION-CENTRAL_WEST_%232-RAIN2
	940.525,2014-12-05 02:30:07,(122.015917, 6.9957000000000003),ZAMBOANGA_CITY-BALUNO_-_LIMA_ELEMENTARY_SCHOOL-RAIN2
	996.955,2014-12-05 03:30:10,(119.88720000000001, 5.0729574),TAWI-TAWI-PSTC_TAWI-TAWI-RAIN2
	985.3925,2014-12-05 03:00:07,(121.18866, 14.04496),BATANGAS-STO._TOMAS-RAIN2
	994.52,2014-12-05 02:45:06,(120.602794, 17.465758000000001),ABRA-SAN_ISIDRO-RAIN2
	1003.6325,2014-12-05 03:00:06,(121.583333, 16.866667),CAGAYAN-SAN_MATEO_MUNICIPAL_HALL-RAIN2
	985.29,2014-12-05 02:45:06,(121.12888, 14.017860000000001),BATANGAS-BALETE-RAIN2
	1006.5475,2014-12-05 02:45:06,(124.423783, 7.2793429999999999),COTABATO-PIGCAWAYAN-RAIN2
	1001.4925,2014-12-05 02:45:09,(123.2517, 9.1983329999999999),NEGROS_ORIENTAL-BRGY._POBLACION_DISTRICT_1-RAIN2
	1007.3675,2014-12-05 02:45:06,(124.79601, 6.71265),MAGUINDANAO-BULUAN_MUNICIPAL_COMPOUND-RAIN2
	996.5075,2014-12-05 03:15:09,(123.486, 8.0975999999999999),ZAMBOANGA_DEL_SUR-BARANGAY_PARASAN-RAIN2
	1001.7925,2014-12-05 02:30:07,(125.85662000000001, 8.5423600000000004),AGUSAN_DEL_SUR-SAN_VICENTE-RAIN2
	1004.23,2014-12-05 03:15:10,(123.348615, 7.9207789999999996),ZAMBOANGA_DEL_SUR-CARIDAD-RAIN2
	1008.3025,2014-12-05 03:00:06,(120.44506699999999, 16.934032999999999),ILOCOS_SUR-TAGUDIN_HEALTH_CENTER-RAIN2
	1003.335,2014-12-05 02:45:06,(120.65644, 17.70072),ABRA-DANGLAS-RAIN2
	1014.3775,2014-12-05 03:00:29,(121.56946000000001, 17.883859999999999),CAGAYAN-STO._NINO_MUNICIPAL_HALL-RAIN2
	1011.2225,2014-12-05 03:15:07,(121.51494, 18.409929999999999),CAGAYAN-BALLESTEROS_MUNICIPAL_HALL-RAIN2
	1008.28,2014-12-05 03:00:12,(122.47512999999999, 9.5964670000000005),NEGROS_OCCIDENTAL-PAGBANAAG_VILLAGE-RAIN2
	1008.8975,2014-12-05 02:45:10,(120.48184500000001, 14.641684),BATAAN-ORANI_STATE_UNIVERSITY-RAIN2
	990.88,2014-12-05 02:30:30,(125.272507, 6.3769689999999999),SARANGANI-MALUNGON-RAIN2
	1001.6225,2014-12-05 03:00:06,(125.94108, 8.5500030000000002),AGUSAN_DEL_SUR-AGUSAN_DEL_SUR%2c_PROVINCIAL_CAPITOL-RAIN2
	986.9125,2014-12-05 02:30:07,(121.41522999999999, 14.133319999999999),LAGUNA-NAGCARLAN-RAIN2
	988.01,2014-12-05 02:45:06,(125.62985999999999, 8.8246040000000008),AGUSAN_DEL_NORTE-SUMILE-RAIN2
	1009.255,2014-12-05 03:00:07,(126.010952, 6.898034),DAVAO_ORIENTAL-BRGY._POBLACION_LUPON-RAIN2
	930.905,2014-12-05 02:50:07,(124.343417, 7.9686669999999999),LANAO_DEL_SUR-POLO_DITSAAN-RAIN2
	983.8925,2014-12-05 03:00:07,(121.83338000000001, 14.00802),QUEZON-STA_CATALINA_ELEMENTARY_SCHOOL_ANNEX-RAIN2
	1004.8975,2014-12-05 03:00:07,(124.843889, 11.420278),LEYTE-POBLACION_BABATNGON-RAIN2
	1006.3425,2014-12-05 02:45:12,(122.631783, 9.9725699999999993),NEGROS_OCCIDENTAL-CAUAYAN_POLICE_STATION-RAIN2
	1004.7925,2014-12-05 03:15:10,(125.44345800000001, 11.995832999999999),EASTERN_SAMAR-EASTERN_SAMAR_STATE_UNIVERSITY-RAIN2
	1003.1775,2014-12-05 03:00:06,(123.11935, 9.5928299999999993),NEGROS_ORIENTAL-NEGROS_ORIENTAL_STATE_UNIVERSITY_BAIS_CAMPUS-RAIN2
	1004.35,2014-12-05 02:45:06,(121.471109, 18.01623),APAYAO-FLORA-RAIN2
	961.3025,2014-12-05 02:30:07,(123.180167, 10.367832999999999),NEGROS_ORIENTAL-CANLAON-RAIN2
	965.7175,2014-12-05 03:00:07,(124.695114, 7.5056349999999998),COTABATO-BANISILAN-RAIN2
	1007.115,2014-12-05 02:45:09,(124.425, 12.523332999999999),NORTHERN_SAMAR-ROSARIO_MUNICIPAL_GROUNDS-RAIN2
	1008.0575,2014-12-05 03:00:06,(121.83338000000001, 14.177770000000001),QUEZON-ATIMONAN-RAIN2
	983.0575,2014-12-05 02:45:07,(121.263897, 16.489336000000002),NUEVA_VIZCAYA-QUEZON_MUNICIPAL_HALL-RAIN2
	882.115,2014-12-05 02:45:07,(121.00583, 16.838650000000001),IFUGAO-HUNGDUAN-RAIN2
	1007.38,2014-12-05 03:00:06,(123.2777, 13.469067000000001),CAMARINES_SUR-BULA-RAIN2
	1004.505,2014-12-05 02:45:07,(125.70440000000001, 8.7805999999999997),AGUSAN_DEL_SUR-ESPERANZA_POBLACION-RAIN2
	1001.9275,2014-12-05 02:45:11,(121.87454, 17.474710000000002),ISABELA-BARANGAY_SAN_VICENTE-RAIN2
	991.025,2014-12-05 03:00:09,(123.58416699999999, 9.8991670000000003),CEBU-PSHS_CENTRAL_VISAYAS-RAIN2
	920.8275,2014-12-05 03:15:06,(121.071383, 16.789883),IFUGAO-UP_NHRC-RAIN2
	1003.6825,2014-12-05 03:15:10,(124.79727800000001, 7.2050000000000001),COTABATO-CARMEN-RAIN2
	997.1775,2014-12-05 02:30:06,(120.564556, 15.244278),PAMPANGA-MABALACAT_MUNICIPAL_HALL-RAIN2
	1003.775,2014-12-05 03:00:06,(126.00279999999999, 8.1706000000000003),AGUSAN_DEL_SUR-ASSCAT%2c_SAN_TEODORO-RAIN2
	1007.8813,2014-12-05 04:30:05,(122.5793, 10.772266999999999),ILOILO-JARO-VAISALA
	976.0725,2014-12-05 02:45:09,(121.49829, 14.33601),LAGUNA-KALAYAAN-RAIN2
	1007.4814,2014-12-05 03:15:08,(121.923, 7.008),ZAMBOANGA_CITY-WMSU_COMPOUND-VAISALA
	1002.065,2014-12-05 03:15:06,(125.85717, 8.7195800000000006),AGUSAN_DEL_SUR-LORETO_MUNICIPAL_HALL-RAIN2
	999.1625,2014-12-05 03:00:10,(124.86152800000001, 6.4775309999999999),SOUTH_COTABATO-KORONADAL_CITY-RAIN2
	991.885,2014-12-05 02:45:06,(121.030833, 14.264722000000001),CAVITE-CARMONA-RAIN2
	938.54,2014-12-05 03:15:10,(121.53985, 14.052783),QUEZON-BRGY._LALO-RAIN2
	1005.8125,2014-12-05 02:45:06,(123.65746, 9.1983700000000006),SIQUIJOR-NORTH_POBLACION-RAIN2
	919.6075,2014-12-05 03:00:06,(120.67493, 16.365749999999998),BENGUET-ITOGON-RAIN2
	1006.9825,2014-12-05 02:45:07,(122.58755600000001, 10.752667000000001),ILOILO-BITO-ON-RAIN2
	1007.3481,2014-12-05 03:00:08,(124.235167, 7.196167),COTABATO-PEOPLE%27S_PALACE_GROUNDS-VAISALA
	993.0425,2014-12-05 02:45:07,(124.71314, 9.2337430000000005),CAMIGUIN-QUIBORO_ELEMENTARY_SCHOOL-RAIN2
	1005.21,2014-12-05 02:45:07,(123.84999999999999, 9.6500000000000004),BOHOL-DOST_PSTC_BOHOL-RAIN2
	1007.3,2014-12-05 03:15:06,(123.34094399999999, 9.7319999999999993),CEBU-ALEGRIA_POBLACION-RAIN2
	1003.695,2014-12-05 02:45:34,(121.74697999999999, 16.508209999999998),ISABELA-SAN_AGUSTIN_MUNICIPAL_HALL-RAIN2
	1010.3475,2014-12-05 02:30:07,(121.345066, 18.127293999999999),APAYAO-PUDTOL-RAIN2
	1015.3075,2014-12-05 02:45:07,(121.831333, 18.287500000000001),CAGAYAN-BUGUEY-RAIN2
	975.685,2014-12-05 02:45:13,(120.97126, 14.223929999999999),CAVITE-SILANG-RAIN2
	1009.045,2014-12-05 03:00:09,(123.391972, 9.9347499999999993),CEBU-MOALBOAL-RAIN2
	993.0475,2014-12-05 02:45:09,(122.52589999999999, 10.421683),GUIMARAS-LA_PAZ_ELEMENTARY_SCHOOL-RAIN2
	882.95,2014-12-05 02:30:09,(120.83779699999999, 16.623466000000001),BENGUET-KABAYAN-RAIN2
	988.5425,2014-12-05 03:00:07,(124.70792400000001, 9.2271809999999999),CAMIGUIN-BACNIT_ES-RAIN2
	993.235,2014-12-05 03:15:07,(123.467, 13.695),CAMARINES_SUR-PSHS_BICOL-RAIN2
	1008.245,2014-12-05 02:45:07,(123.59466999999999, 9.2486200000000007),SIQUIJOR-HELEN-RAIN2
	928.03,2014-12-05 03:00:07,(122.10169999999999, 7.1356669999999998),ZAMBOANGA_CITY-BARREDO_PMS-RAIN2
	970.37,2014-12-05 02:30:08,(121.043333, 16.312000000000001),NUEVA_VIZCAYA-DEMO_FARM-RAIN2
	1006.605,2014-12-05 03:00:06,(119.965194, 16.122471999999998),PANGASINAN-ALAMINOS_PANGASINAN_STATE_UNIVERSITY-RAIN2
	1003.3775,2014-12-05 03:00:07,(125.25, 9.9499999999999993),SOUTHERN_LEYTE-POBLACION_IBABAO-RAIN2
	1007.655,2014-12-05 03:00:07,(121.655556, 17.903055999999999),CAGAYAN-ALCALA_MUNICIPAL_HALL-RAIN2
	1009.32,2014-12-05 03:00:09,(124.11675, 11.330389),CEBU-LOGON_NATIONAL_HIGH_SCHOOL-RAIN2
	997.305,2014-12-05 03:00:06,(125.70013899999999, 6.1799480000000004),DAVAO_DEL_SUR-DON_MARCELINO_MUNICIPALL_HALL-RAIN2
	1007.6575,2014-12-05 03:15:06,(123.034417, 9.0600500000000004),NEGROS_ORIENTAL-NEGROS_ORIENTAL_STATE_UNIVERSITY_SIATON_CAMPUS-RAIN2
	1010.43,2014-12-05 03:15:06,(120.409622, 17.638746999999999),ILOCOS_SUR-STO._DOMINGO_POLICE_STATION-RAIN2
	987.8325,2014-12-05 03:15:10,(121.22727500000001, 17.391857999999999),KALINGA-BULANAO-RAIN2
	1002.505,2014-12-05 03:00:07,(123.2808, 9.2798999999999996),NEGROS_ORIENTAL-NEGROS_ORIENTAL_STATE_UNIVERSITY%2c_BAJUMPANDAN_CAMPUS-RAIN2
	978.3475,2014-12-05 02:45:07,(120.72466, 17.25845),ABRA-TUBO-RAIN2
	1002.6425,2014-12-05 03:00:09,(125.80110000000001, 8.5869),AGUSAN_DEL_SUR-TALACOGON_MUNICIPAL_HALL-RAIN2
	1006.5075,2014-12-05 03:00:10,(120.568967, 13.2407),OCCIDENTAL_MINDORO-BRGY._TAYAMAAN-RAIN2
	988.7425,2014-12-05 02:45:06,(121.21284, 13.87983),BATANGAS-PADRE_GARCIA-RAIN2
	1007.0625,2014-12-05 02:30:06,(123.04164729999999, 13.5080261),CAMARINES_SUR-PASACAO-RAIN2
	969.685,2014-12-05 03:15:06,(125.01137, 7.7813800000000004),BUKIDNON-MARAMAG_MUNICIPAL_HALL-RAIN2
	997.19,2014-12-05 03:00:07,(124.7833, 11.195),LEYTE-KAGLAWAAN_MUNICIPAL_NURSERY-RAIN2
	1003.935,2014-12-05 03:00:06,(126.03270999999999, 8.0098299999999991),AGUSAN_DEL_SUR-STA_ISABEL-RAIN2
	939.54,2014-12-05 03:15:07,(120.487003, 16.497398),BENGUET-SABLAN-RAIN2
	892.505,2014-12-05 03:00:06,(121.2216, 16.972691999999999),IFUGAO-MAYOYAO-RAIN2
	1005.2375,2014-12-05 03:00:06,(125.6681, 9.1685999999999996),AGUSAN_DEL_NORTE-CABADBARAN-RAIN2
	771.995,2014-12-05 02:45:06,(120.78243999999999, 16.72336),BENGUET-BUGUIAS-RAIN2
	1006.4075,2014-12-05 02:45:06,(122.071838, 11.236969999999999),ANTIQUE-CAPUYUAN_ELEMENTARY_SCHOOL-RAIN2
	1006.1775,2014-12-05 02:30:06,(121.34999999999999, 12.335817),ORIENTAL_MINDORO-BRGY._NASUCOB-RAIN2
	1008.57,2014-12-05 02:30:07,(124.325, 10.148889),BOHOL-TALIBON_POBLACION-RAIN2
	1007.605,2014-12-05 03:00:09,(124.178167, 10.942306),CEBU-TABOGON_CENTRAL_SCHOOL-RAIN2
	1011.4,2014-12-05 03:00:10,(121.37269999999999, 18.331099999999999),APAYAO-LUNA-RAIN2
	1005.585,2014-12-05 03:00:10,(120.381111, 17.561944),ILOCOS_SUR-BRGY._TAMAG-RAIN2
	1001.8825,2014-12-05 03:00:07,(121.489107, 16.920684999999999),KALINGA-RIZAL-RAIN2
	1007.2148,2014-12-05 03:00:08,(123.68005599999999, 13.456861),ALBAY-SAN_RAFAEL_ST.-VAISALA
	1004.19,2014-12-05 02:45:11,(123.02515, 10.325616),NEGROS_OCCIDENTAL-FARMER_AND_AGRICULTURAL_CENTER-RAIN2
	865.91,2014-12-05 03:15:06,(120.637185, 16.265221),BENGUET-TUBA-RAIN2
	937.2175,2014-12-05 02:45:06,(124.268883, 8.0339329999999993),LANAO_DEL_SUR-SAGUIARAN-RAIN2
	999.975,2014-12-05 03:15:07,(123.516944, 9.1447219999999998),SIQUIJOR-NAPO-RAIN2
	1006.4625,2014-12-05 02:45:06,(125.2581, 10.274166599999999),SOUTHERN_LEYTE-POBLACION_ANAHAWAN-RAIN2
	1008.5475,2014-12-05 02:45:07,(120.51852, 17.543220000000002),ABRA-SAN_QUINTIN-RAIN2
	988.515,2014-12-05 02:45:10,(125.205972, 6.78925),DAVAO_DEL_SUR-BANSALAN_PROVINCIAL_NURSERY-RAIN2
	968.2975,2014-12-05 03:00:08,(121.21339, 16.23039),NUEVA_VIZCAYA-BRGY._BITNONG-RAIN2
	1001.94,2014-12-05 03:00:10,(119.95678100000001, 15.847200000000001),PANGASINAN-PANGASINAN_STATE_UNIVERSITY-RAIN2
	970.895,2014-12-05 02:30:06,(124.9507785, 6.3309069999999998),SOUTH_COTABATO-TUPI-RAIN2
	975.115,2014-12-05 03:00:06,(120.649106, 18.369738999999999),ILOCOS_NORTE-BRGY_SAPAT-RAIN2
	1010.555,2014-12-05 03:00:10,(121.06056, 14.530390000000001),METRO_MANILA-USUSAN-RAIN2
	904.2225,2014-12-05 03:00:07,(120.605795, 16.575991999999999),BENGUET-KAPANGAN-RAIN2
	1010.5025,2014-12-05 03:00:07,(123.1883, 13.6173),CAMARINES_SUR-TRIANGULO_NAGA-RAIN2
	1007.525,2014-12-05 02:45:07,(124.677361, 7.0572010000000001),COTABATO-PIKIT-RAIN2
	992.7225,2014-12-05 03:15:10,(120.468278, 14.668917),BATAAN-BRGY_DANGCOL-RAIN2
	995.0725,2014-12-05 03:00:06,(120.820761, 18.139778),ILOCOS_NORTE-LGU_CARASI-RAIN2
	1003.4125,2014-12-05 02:30:06,(124.374583, 10.637860999999999),CEBU-SAN_FRANCISCO-RAIN2
	1008.5125,2014-12-05 03:00:06,(122.26912, 13.83704),QUEZON-BRGY._VILLAHERMOSA-RAIN2
	862.2675,2014-12-05 02:30:06,(120.85700900000001, 16.853701999999998),MOUNTAIN_PROVINCE-BAUKO-RAIN2
	865.47,2014-12-05 03:15:07,(120.79345000000001, 16.857240000000001),BENGUET-MANKAYAN-RAIN2
	1006.055,2014-12-05 03:00:06,(123.17195719999999, 13.6467765),CAMARINES_SUR-BRGY_DINAGA-RAIN2
	982.685,2014-12-05 02:45:07,(124.561722, 7.3832599999999999),COTABATO-ALAMADA-RAIN2
	1005.7225,2014-12-05 02:30:06,(126.00091, 8.3828200000000006),AGUSAN_DEL_SUR-ROSARIO_MUNICIPAL_HALL-RAIN2
	1008.4275,2014-12-05 03:00:06,(121.997, 18.261333),CAGAYAN-GONZAGA_PUBLIC_MARKET-RAIN2
	1010.425,2014-12-05 03:00:10,(122.956867, 14.109567),CAMARINES_NORTE-CAMARINES_NORTE_STATE_COLLEGES-RAIN2
	1000.8925,2014-12-05 03:15:07,(126.448367, 7.0452469999999998),DAVAO_ORIENTAL-TARRAGONA-RAIN2
	1001.765,2014-12-05 02:45:06,(124.904556, 6.9067410000000002),COTABATO-M%27LANG-RAIN2
	941.62,2014-12-05 03:15:09,(125.13252799999999, 8.1523610000000009),BUKIDNON-PAGASA_MALAYBALAY_STATION-RAIN2
	1006.0375,2014-12-05 02:45:06,(124.970388, 10.3539444),SOUTHERN_LEYTE-BONTOC-RAIN2
	1008.195,2014-12-05 03:00:07,(125.45303, 11.81493),EASTERN_SAMAR-SULAT_PUBLIC_PLAZA-RAIN2
	929.1525,2014-12-05 02:45:07,(121.293333, 16.316389000000001),NUEVA_VIZCAYA-KASIBU_MUNICIPAL_HALL-RAIN2
	1002.44,2014-12-05 03:00:12,(121.3462, 17.8459),CAGAYAN-RIZAL_MUNICIPAL_HALL-RAIN2
	1007.645,2014-12-05 03:00:07,(125.24758, 12.15728),EASTERN_SAMAR-MASLOG-RAIN2
	1009.125,2014-12-05 02:30:06,(125.741136, 11.033358),EASTERN_SAMAR-GUIUAN_MUNICIPAL_HALL-RAIN2
	972.7475,2014-12-05 02:45:07,(125.050214, 7.8484309999999997),BUKIDNON-PHILRICE_FIELD_OFFICE%2c_MUSUAN-RAIN2
	1005.285,2014-12-05 02:45:07,(120.99284, 14.684810000000001),METRO_MANILA-GEN._T._DE_LEON-RAIN2
	1007.535,2014-12-05 02:30:06,(124.133, 10.066000000000001),BOHOL-BUENAVISTA__MUNICIPAL_HALL-RAIN2
	1003.87,2014-12-05 03:00:06,(125.7394, 8.6282999999999994),AGUSAN_DEL_SUR-DON_FLAVIA-RAIN2
	996.215,2014-12-05 02:45:06,(122.903544, 9.9655559999999994),NEGROS_OCCIDENTAL-BRGY._TANAWAN-RAIN2
	1003.2158,2014-12-05 02:45:09,(120.249, 11.864000000000001),PALAWAN-CORON-VAISALA
	1004.8325,2014-12-05 03:00:07,(124.997472, 11.039583),LEYTE-SAN_VICENTE-RAIN2
	981.4475,2014-12-05 02:45:07,(121.19260300000001, 16.522780999999998),NUEVA_VIZCAYA-SOLANO-RAIN2
	1005.25,2014-12-05 02:30:10,(123.310889, 9.5696940000000001),CEBU-BRGY._POBLACION-RAIN2
	1008.0146,2014-12-05 03:00:09,(123.34657319999999, 8.5838991999999994),ZAMBOANGA_DEL_NORTE-CITY_AGRICULTURE_OFFICE-VAISALA
	938.07,2014-12-05 03:00:06,(122.13724499999999, 7.132498),ZAMBOANGA_CITY-BUNGIAO-RAIN2
	1010.1474,2014-12-05 03:15:09,(120.47505, 17.368200000000002),ILOCOS_SUR-ISPSC-VAISALA
	986.2625,2014-12-05 02:45:06,(121.12137, 16.784210000000002),IFUGAO-LAMUT-RAIN2
	994.5725,2014-12-05 03:00:07,(126.53924499999999, 7.2103149999999996),DAVAO_ORIENTAL-MANAY-RAIN2
	998.015,2014-12-05 03:15:09,(122.648033, 10.698267),GUIMARAS-BUENAVISTA_MUNICIPAL_HALL-RAIN2
	1010.415,2014-12-05 02:45:29,(121.77862, 17.303699999999999),ISABELA-SANTA_MARIA_MUNICIPAL_GROUNDS-RAIN2
	1005.2075,2014-12-05 03:00:06,(121.00273, 14.724270000000001),METRO_MANILA-BAGBAGUIN-RAIN2
	974.0075,2014-12-05 03:00:06,(125.12614499999999, 7.1045509999999998),COTABATO-MAGPET-RAIN2
	851.6475,2014-12-05 02:45:06,(120.66123, 16.660329999999998),BENGUET-KIBUNGAN-RAIN2
	1009.9275,2014-12-05 02:56:07,(124.28873299999999, 13.939567),CATANDUANES-BRGY._J.M._ALBERTO-RAIN2
	994.418,2014-12-05 03:00:09,(121.905817, 11.872883),AKLAN-KABULIHAN_SANITARY_LANDFILL%2c_BRGY._KABULIHAN-VAISALA
	975.7975,2014-12-05 03:00:06,(125.111389, 7.7156370000000001),BUKIDNON-QUEZON_MUNICIPAL_HALL-RAIN2
	1011.485,2014-12-05 02:45:07,(121.084333, 18.606999999999999),CAGAYAN-CLAVERIA_GRASSROOTS_COOPERATIVE_BANK-RAIN2
	1005.0675,2014-12-05 02:30:07,(123.717417, 11.263278),CEBU-BRGY._BUNAKAN-RAIN2
	999.745,2014-12-05 03:00:07,(124.961296, 6.68485),SULTAN_KUDARAT-COLUMBIO-RAIN2
	1003.9525,2014-12-05 02:45:06,(125.40161999999999, 9.6185600000000004),SURIGAO_DEL_NORTE-MALIMONO-RAIN2
	1004.6125,2014-12-05 03:15:06,(121.47987999999999, 17.787379999999999),CAGAYAN-LGU_PIAT_COMMERCIAL_BUILDING-RAIN2
	1003.31,2014-12-05 02:45:07,(125.00570999999999, 8.3026900000000001),AGUSAN_DEL_SUR-BAYUGAN_III_NATIONAL_HIGH_SCHOOL-RAIN2
	1004.115,2014-12-05 03:00:07,(121.11377, 14.31446),LAGUNA-STA._ROSA-RAIN2
	1008.215,2014-12-05 02:45:07,(123.58833300000001, 10.280443999999999),CEBU-PINAMUNGAJAN-RAIN2
	902.895,2014-12-05 02:30:07,(121.130421, 16.909669999999998),IFUGAO-BANGAAN-RAIN2
	1008.2,2014-12-05 02:45:12,(123.30019, 10.95721),NEGROS_OCCIDENTAL-CITY_AGRICULTURE_OFFICE-RAIN2
	1006.4075,2014-12-05 03:00:10,(123.927306, 10.360944),CEBU-CTU_DAANBANTAYAN_CAMPUS-RAIN2
	914.7475,2014-12-05 03:30:09,(121.03351000000001, 17.066343),MOUNTAIN_PROVINCE-GOVERNMENT_CENTER-RAIN2
	1002.3725,2014-12-05 03:00:10,(125.528716, 9.6598000000000006),SURIGAO_DEL_NORTE-SISON_ELEMENTARY_SCHOOL-RAIN2
	1005.785,2014-12-05 03:00:06,(122.75047000000001, 10.979240000000001),ILOILO-ANILAO-RAIN2
	992.635,2014-12-05 03:15:06,(124.563458, 6.5330519999999996),SULTAN_KUDARAT-BAGUMBAYAN-RAIN2
	1006.535,2014-12-05 02:30:06,(121.46605, 12.568483000000001),ORIENTAL_MINDORO-STA._MARIA-RAIN2
	977.8025,2014-12-05 02:45:06,(121.39124, 14.111039999999999),LAGUNA-RIZAL-RAIN2
	1002.9975,2014-12-05 03:00:06,(121.019722, 15.663055999999999),NUEVA_ECIJA-LLANERA_TOWN_HALL-RAIN2
	1008.29,2014-12-05 02:45:06,(120.546333, 16.050750000000001),PANGASINAN-LAOAC_POBLACION-RAIN2
	1005.265,2014-12-05 03:00:06,(123.883056, 9.8952779999999994),BOHOL-BISU-CALAPE_CAMPUST-RAIN2
	1008.025,2014-12-05 02:30:06,(123.713306, 10.505027999999999),CEBU-BALAMBAN_MUNICIPAL_HALL-RAIN2
	1007.5475,2014-12-05 02:45:06,(121.860556, 13.334721999999999),MARINDUQUE-TIGUION_NATIONAL_HIGH_SCHOOL-RAIN2
	1012.375,2014-12-05 03:00:32,(119.920194, 16.256819),PANGASINAN-PACIFIC_FARMS_INC-RAIN2
	976.0075,2014-12-05 03:00:07,(120.71764, 14.170019999999999),CAVITE-MAGALLANES-RAIN2
	1006.2725,2014-12-05 02:45:07,(123.4128537, 13.4199745),CAMARINES_SUR-IRIGA-RAIN2
	1006.3125,2014-12-05 02:45:09,(125.59641000000001, 8.9591700000000003),AGUSAN_DEL_NORTE-CARAGA_STATE_UNIVERSITY-RAIN2
	1006.175,2014-12-05 02:52:07,(120.35686, 16.0092),PANGASINAN-POBLACION-CALASIO-RAIN2
	967.6475,2014-12-05 02:30:09,(121.09138900000001, 16.283888999999999),NUEVA_VIZCAYA-DUPAX_DEL_SUR_MUNICIPAL_HALL-RAIN2
	1007.0175,2014-12-05 03:00:10,(124.6399428, 8.4914661999999996),MISAMIS_ORIENTAL-CITY_ENGINEERS_COMPOUND-RAIN2
	1011.8,2014-12-05 03:00:07,(121.234167, 18.559833000000001),CAGAYAN-SANCHEZ_MIRA_MUNICIPAL_HALL-RAIN2
	1009.2,2014-12-05 03:00:06,(120.990556, 18.563611000000002),CAGAYAN-STA._PRAXEDES-RAIN2
	1008.385,2014-12-05 03:00:07,(121.025633, 5.9330170000000004),SULU-MAIMBONG_MUNICIPAL_HALL-RAIN2
	1006.07,2014-12-05 02:30:07,(123.76025, 10.206917000000001),CEBU-NAGA_CITY_HALL-RAIN2
	1009.1675,2014-12-05 02:30:06,(123.872389, 10.822528),CEBU-TABUELAN_MUNICIPAL_HALL-RAIN2
	1008.3725,2014-12-05 02:45:07,(121.35666999999999, 14.2014),LAGUNA-VICTORIA-RAIN2
	1002.9875,2014-12-05 03:15:10,(122.468225, 10.786642000000001),ILOILO-SAN_MIGUEL-RAIN2
	934.92,2014-12-05 03:00:06,(121.054196, 17.585177999999999),ABRA-MALIBCONG-RAIN2
	957.79,2014-12-05 02:45:07,(120.86279999999999, 14.01604),BATANGAS-BRGY._MAYASANG-RAIN2
	1005.91,2014-12-05 03:00:06,(125.689365, 7.4484159999999999),DAVAO_DEL_NORTE-BE_DUJALI-RAIN2
	929.745,2014-12-05 02:45:06,(124.34231699999999, 7.8407499999999999),LANAO_DEL_SUR-BRGY_BANSAYAN-RAIN2
	988.545,2014-12-05 02:45:10,(121.50039, 14.24685),LAGUNA-CAVINTI-RAIN2
	1000.2625,2014-12-05 03:00:06,(121.28579999999999, 14.55369),RIZAL-BARAS-RAIN2
	991.4854,2014-12-05 03:00:08,(125.097478, 6.0554249999999996),GENERAL_SANTOS_CITY-GENERAL_SANTOS_AIRPORT-VAISALA
	1006.07,2014-12-05 03:00:06,(125.050777, 10.2958777),SOUTHERN_LEYTE-LIBAGON_-_MUNICIPAL_PLAZA-RAIN2
	1000.0775,2014-12-05 02:30:06,(121.1044662, 15.705459100000001),NUEVA_ECIJA-RIZAL_TOWN_HALL-RAIN2
	1011.4,2014-12-05 02:45:06,(121.90866699999999, 18.249832999999999),CAGAYAN-STA._TERESITA_MUNICIPAL_HALL-RAIN2
	972.9075,2014-12-05 03:00:06,(125.13361, 7.60731),BUKIDNON-PALACAPAO-RAIN2
	1006.885,2014-12-05 03:00:15,(122.09693, 11.7217),ANTIQUE-PANDAN-RAIN2
	1005.7875,2014-12-05 02:45:06,(121.926033, 10.430517),ANTIQUE-ANINI-Y-RAIN2
	1011.1475,2014-12-05 03:00:06,(120.702208, 15.024635999999999),PAMPANGA-SAN_FERNANDO_MOTOR_POOL-RAIN2
	1003.8575,2014-12-05 02:30:06,(120.592778, 15.34625),TARLAC-CAPAS_MUNICIPAL_HALL-RAIN2
	965.035,2014-12-05 03:00:07,(126.15852099999999, 7.5132099999999999),COMPOSTELA_VALLEY-BRGY._ANDAP-RAIN2
	1007.1525,2014-12-05 03:00:06,(124.38333299999999, 10.133333),BOHOL-BIEN_UNIDO-RAIN2
	1006.2817,2014-12-05 03:15:08,(125.65000000000001, 5.9166670000000003),DAVAO_DEL_SUR-JOSE_ABAD_SANTOS-VAISALA
	1006.9482,2014-12-05 03:00:08,(125.02497200000001, 11.225417),LEYTE-PAGASA_TACLOBAN_STATION-VAISALA
	1009.46,2014-12-05 02:30:06,(122.76843100000001, 11.352636),CAPIZ-BRGY._TAPULANG-RAIN2
	1002.5425,2014-12-05 03:15:06,(121.913472, 16.839086000000002),ISABELA-BRGY._VILLA_CONCEPCION-RAIN2
	910.2125,2014-12-05 03:00:06,(121.099006, 16.852347000000002),IFUGAO-HINGYON-RAIN2
